30 346 133
90 959 -
150 8155 42674
140 9730 580
20 190 2
100 4950 218
20 190 11
120 7140 366
140 9730 559
100 4950 230
10 34 1
110 5995 286
130 8385 448
30 332 217
30 435 11
40 780 36
130 8385 452
80 2267 2910
130 5190 43679
60 1770 50
80 3160 111
130 8385 446
90 4005 159
140 9730 572
60 950 1474
80 3160 100
130 8385 447
70 2415 79
50 114 4
60 658 7178
80 436 -
90 2100 18343
10 45 0
120 715 -
60 991 1357
140 9003 39896
30 435 7
30 435 7
110 3841 16176
90 3734 5698
20 190 2
40 780 17
20 128 20
90 4005 161
60 1770 58
100 4950 214
70 2415 75
150 11175 717
70 545 -
150 11175 726
60 1716 163
60 780 4253
100 1141 -
120 7140 412
150 3995 -
30 435 9
40 517 341
120 7140 433
110 3995 14075
90 4005 192
100 4950 256
30 435 6
150 11175 953
110 5088 13651
50 1225 55
30 191 167
110 5773 3703
50 1225 38
90 4005 187
130 7277 26780
120 7140 401
140 8912 39970
10 45 0
20 190 3
70 2166 3329
140 5781 -
20 156 8
140 3033 -
40 266 967
130 8385 521
20 140 11
70 2411 124
150 3269 -
20 190 3
70 2415 96
10 45 0
130 8385 556
10 45 0
110 5995 352
50 811 783
70 1173 6212
60 1746 189
60 164 17
90 4005 198
150 787 -
50 1225 39
100 4950 242
10 45 0
120 1281 -
140 9730 653
10 32 1
10 45 0
80 285 20808
40 571 315
120 7140 428
10 42 1
140 1197 -
80 311 -
40 592 384
100 4813 1168
130 8385 544
150 11175 839
50 490 1844
20 190 3
60 1314 1256
40 443 309
100 3204 10138
70 2415 89
40 780 18
120 3286 -
50 1225 33
50 1225 40
100 4950 259
10 25 0
110 777 -
90 4005 201
80 300 -
90 2499 7696
70 2415 95
40 780 21
100 4950 250
80 2930 4346
40 651 454
20 190 3
80 3160 140
150 8122 42162
30 435 9
50 179 240
140 3694 -
80 3160 135
110 5995 329
50 467 2568
130 8385 499
150 2679 -
110 3124 52982
30 127 16
70 755 53151
120 943 -
120 569 -
110 5995 338
