30 346 51
90 959 -
150 8155 51453
140 9730 -
20 190 20
100 4950 16706
20 190 22
120 7140 34581
140 9730 -
100 4950 16897
10 34 1
110 5995 24786
130 8385 48478
30 332 57
30 435 104
40 780 362
130 8385 48803
80 2267 3448
130 5190 55738
60 1770 2202
80 3160 6931
130 8385 48786
90 4005 11005
140 9730 -
60 950 2031
80 3160 6925
130 8385 47879
70 2415 4182
50 114 -
60 658 10015
80 436 -
90 2100 24533
10 45 3
120 715 -
60 991 1722
140 9003 49879
30 435 171
30 435 144
110 3841 20092
90 3734 8838
20 190 41
40 780 461
20 128 19
90 4005 11573
60 1770 2404
100 4950 17390
70 2415 4400
150 11175 -
70 545 -
150 11175 -
60 1716 2092
60 780 5761
100 1141 -
120 7140 34937
150 3995 -
30 435 154
40 517 238
120 7140 35868
110 3995 16342
90 4005 11185
100 4950 17260
30 435 173
150 11175 -
110 5088 14977
50 1225 1230
30 191 116
110 5773 22719
50 1225 1192
90 4005 11525
130 7277 31122
120 7140 36155
140 8912 47493
10 45 4
20 190 42
70 2166 3531
140 5781 -
20 156 29
140 3033 -
40 266 1201
130 8385 48168
20 140 24
70 2411 4430
150 3269 -
20 190 43
70 2415 4224
10 45 3
130 8385 47257
10 45 4
110 5995 24255
50 811 542
70 1173 7564
60 1746 2190
60 164 -
90 4005 11210
150 787 -
50 1225 1112
100 4950 16860
10 45 4
120 1281 -
140 9730 -
10 32 2
10 45 4
80 285 -
40 571 266
120 7140 34462
10 42 3
140 1197 -
80 311 -
40 592 251
100 4813 15137
130 8385 47141
150 11175 -
50 490 2212
20 190 27
60 1314 1146
40 443 289
100 3204 11721
70 2415 4176
40 780 428
120 3286 -
50 1225 1182
50 1225 1143
100 4950 16944
10 25 2
110 777 -
90 4005 11065
80 300 -
90 2499 8798
70 2415 4115
40 780 496
100 4950 16961
80 2930 5368
40 651 278
20 190 38
80 3160 6860
150 8122 47251
30 435 164
50 179 -
140 3694 -
80 3160 6951
110 5995 24406
50 467 3216
130 8385 41797
150 2679 -
110 3124 57593
30 127 252
70 755 59333
120 943 -
120 569 -
110 5995 19950
