30 346 120
90 959 -
150 8155 41693
140 9730 601
20 190 20
100 4950 251
20 190 3
120 7140 375
140 9730 605
100 4950 237
10 34 0
110 5995 287
130 8385 479
30 332 131
30 435 8
40 780 37
130 8385 481
80 2267 2565
130 5190 43722
60 1770 51
80 3160 112
130 8385 486
90 4005 169
140 9730 611
60 950 1436
80 3160 116
130 8385 483
70 2415 83
50 114 4
60 658 7320
80 436 -
90 2100 18509
10 45 0
120 715 -
60 991 1278
140 9003 39484
30 435 7
30 435 8
110 3841 15673
90 3734 6146
20 190 3
40 780 17
20 128 17
90 4005 161
60 1770 50
100 4950 216
70 2415 81
150 11175 721
70 545 -
150 11175 716
60 1716 434
60 780 4033
100 1141 -
120 7140 377
150 3995 -
30 435 7
40 517 241
120 7140 501
110 3995 13713
90 4005 200
100 4950 261
30 435 9
150 11175 852
110 5088 12839
50 1225 38
30 191 115
110 5773 12850
50 1225 38
90 4005 200
130 7277 25269
120 7140 446
140 8912 38801
10 45 0
20 190 3
70 2166 2638
140 5781 -
20 156 10
140 3033 -
40 266 1013
130 8385 579
20 140 16
70 2411 124
150 3269 -
20 190 3
70 2415 97
10 45 0
130 8385 557
10 45 0
110 5995 351
50 811 502
70 1173 6116
60 1746 201
60 164 9
90 4005 205
150 787 -
50 1225 34
100 4950 260
10 45 0
120 1281 -
140 9730 707
10 32 3
10 45 0
80 285 53
40 571 240
120 7140 454
10 42 0
140 1197 -
80 311 -
40 592 238
100 4813 5541
130 8385 574
150 11175 852
50 490 1801
20 190 3
60 1314 1076
40 443 282
100 3204 9755
70 2415 99
40 780 21
120 3286 -
50 1225 39
50 1225 40
100 4950 271
10 25 0
110 777 -
90 4005 205
80 300 -
90 2499 7313
70 2415 97
40 780 21
100 4950 264
80 2930 4087
40 651 274
20 190 3
80 3160 139
150 8122 41409
30 435 9
50 179 -
140 3694 -
80 3160 140
110 5995 356
50 467 2605
130 8385 559
150 2679 -
110 3124 51153
30 127 4
70 755 55169
120 943 -
120 569 -
110 5995 349
