30 346 27
90 959 1232
150 8155 2503
140 9730 19
20 190 2
100 4950 8
20 190 3
120 7140 6
140 9730 10
100 4950 5
10 34 1
110 5995 9
130 8385 7
30 332 13
30 435 2
40 780 8
130 8385 33
80 2267 643
130 5190 2493
60 1770 4
80 3160 4
130 8385 14
90 4005 5
140 9730 11
60 950 308
80 3160 4
130 8385 7
70 2415 5
50 114 30
60 658 231
80 436 784
90 2100 1898
10 45 3
120 715 3897
60 991 221
140 9003 2292
30 435 2
30 435 2
110 3841 1405
90 3734 562
20 190 2
40 780 3
20 128 23
90 4005 24
60 1770 11
100 4950 20
70 2415 4
150 11175 31
70 545 569
150 11175 40
60 1716 20
60 780 375
100 1141 6148
120 7140 19
150 3995 20466
30 435 24
40 517 126
120 7140 8
110 3995 1251
90 4005 22
100 4950 4
30 435 3
150 11175 8
110 5088 1538
50 1225 7
30 191 13
110 5773 168
50 1225 8
90 4005 22
130 7277 2547
120 7140 32
140 8912 3982
10 45 2
20 190 4
70 2166 326
140 5781 6675
20 156 3
140 3033 16112
40 266 115
130 8385 11
20 140 19
70 2411 5
150 3269 21195
20 190 2
70 2415 5
10 45 3
130 8385 18
10 45 5
110 5995 10
50 811 149
70 1173 825
60 1746 22
60 164 36
90 4005 5
150 787 14815
50 1225 5
100 4950 16
10 45 2
120 1281 15057
140 9730 34
10 32 2
10 45 4
80 285 134
40 571 195
120 7140 46
10 42 2
140 1197 18399
80 311 312
40 592 230
100 4813 60
130 8385 48
150 11175 13
50 490 315
20 190 2
60 1314 849
40 443 330
100 3204 1636
70 2415 30
40 780 21
120 3286 5671
50 1225 4
50 1225 3
100 4950 21
10 25 2
110 777 9037
90 4005 24
80 300 566
90 2499 1608
70 2415 8
40 780 2
100 4950 26
80 2930 591
40 651 101
20 190 3
80 3160 8
150 8122 4833
30 435 3
50 179 76
140 3694 8947
80 3160 7
110 5995 22
50 467 300
130 8385 10
150 2679 13552
110 3124 3731
30 127 4
70 755 1348
120 943 5934
120 569 3361
110 5995 35
