35 28 0
45 41 0
39 38 0
34 34 0
35 28 0
48 66 0
38 36 0
50 68 0
40 36 0
35 39 0
48 67 0
43 33 0
42 42 0
43 50 0
45 47 0
29 22 0
44 46 0
36 20 0
39 24 0
44 42 0
42 42 0
46 51 0
45 48 0
40 47 0
46 54 0
47 65 1
33 22 0
42 37 0
41 48 0
35 27 0
50 67 0
31 32 0
45 51 0
37 36 0
34 27 0
39 30 0
44 47 0
31 20 0
41 46 0
33 27 0
32 23 0
43 61 0
32 28 0
43 51 0
33 20 0
41 34 0
49 53 0
33 22 0
47 52 0
31 31 0
35 38 0
44 43 0
43 39 0
34 24 0
38 42 0
40 35 0
46 56 1
37 23 0
40 40 0
47 44 0
37 36 0
47 55 0
42 32 0
43 55 0
31 25 0
36 38 0
45 40 0
40 33 0
48 59 0
38 35 0
47 64 1
46 65 1
31 21 0
37 26 0
37 32 0
45 56 0
42 46 0
32 28 0
31 27 0
35 31 0
48 74 1
41 29 0
33 21 0
34 35 0
48 59 1
46 49 0
38 36 0
44 44 1
48 51 0
45 46 0
46 37 0
33 21 0
41 37 0
36 27 0
34 37 0
37 34 0
37 34 0
34 33 0
31 25 0
36 42 0
47 61 0
36 27 0
47 51 0
32 29 0
42 33 0
31 19 0
41 37 0
33 22 0
45 53 0
34 36 0
44 38 0
45 46 0
48 56 0
43 45 0
35 31 0
40 40 0
35 32 0
43 51 1
35 35 0
46 50 0
35 29 0
32 26 0
40 33 0
49 66 1
47 51 0
48 62 0
41 53 0
42 45 0
46 37 0
32 34 0
47 79 0
37 38 0
38 25 0
38 53 0
47 58 0
43 46 0
31 22 0
41 55 0
45 45 0
47 51 0
48 63 1
37 38 0
46 54 0
47 54 1
43 43 0
38 39 0
50 66 0
44 38 0
35 37 0
37 34 0
39 35 0
44 45 0
44 45 0
46 66 1
35 27 0
32 23 0
41 45 0
40 35 0
41 40 0
50 69 0
47 66 1
40 54 0
41 44 0
37 29 0
49 69 1
39 43 0
33 21 0
36 38 0
37 28 0
50 56 1
31 23 0
39 40 0
38 33 0
34 24 0
38 37 0
50 63 1
43 34 0
46 54 1
36 33 0
33 25 0
42 52 0
46 47 0
35 34 0
35 26 0
36 32 0
46 48 1
36 28 0
49 65 0
41 37 0
33 20 0
34 38 0
47 65 1
35 39 0
43 44 0
41 34 0
35 36 0
50 61 0
31 21 0
33 30 0
40 34 0
