35 28 707
45 41 48398
39 38 31115
34 34 637
35 28 185
38 36 2694
40 36 4548
35 39 11093
43 33 2237
42 42 9050
43 50 45459
45 47 18625
29 22 224
44 46 21017
36 20 292
39 24 2355
44 42 31640
42 42 5571
45 48 14504
40 47 14806
33 22 358
42 37 2623
41 48 33971
35 27 982
31 32 297
45 51 49883
37 36 11199
34 27 2040
39 30 4829
44 47 57673
31 20 115
41 46 51089
33 27 724
32 23 96
32 28 369
33 20 74
41 34 4337
33 22 198
31 31 224
35 38 2357
44 43 54682
43 39 46904
34 24 307
38 42 3192
40 35 23180
37 23 872
40 40 7629
37 36 22713
47 55 56262
42 32 1740
31 25 82
36 38 4738
40 33 7481
38 35 4872
31 21 43
37 26 1222
37 32 3955
42 46 1879
32 28 295
31 27 221
35 31 347
41 29 3599
33 21 447
34 35 1818
46 49 27643
38 36 22255
44 44 36846
46 37 41752
33 21 82
41 37 10476
36 27 4843
34 37 453
37 34 6284
37 34 5823
34 33 10565
31 25 384
36 42 3640
36 27 573
32 29 1501
42 33 1607
31 19 88
41 37 5473
33 22 82
34 36 1287
45 46 48330
43 45 9595
35 31 3622
40 40 4093
35 32 521
43 51 32186
35 35 1088
46 50 15229
35 29 518
32 26 268
40 33 2378
41 53 8198
46 37 13603
32 34 2300
37 38 6411
38 25 913
38 53 11435
43 46 48030
31 22 42
37 38 33903
43 43 8100
38 39 1572
35 37 1416
37 34 11468
39 35 4113
44 45 16524
35 27 372
32 23 100
41 45 13417
40 35 2013
41 40 3429
40 54 18247
41 44 59419
37 29 3660
39 43 6094
33 21 304
36 38 10256
37 28 1416
31 23 380
39 40 34120
38 33 3205
34 24 922
38 37 3494
36 33 4980
33 25 489
46 47 53339
35 34 3416
35 26 1779
36 32 2975
36 28 1338
41 37 2982
33 20 272
34 38 731
35 39 2054
43 44 21753
41 34 2616
35 36 1481
31 21 203
33 30 1122
40 34 1216
