37 59 0
31 44 0
45 100 2
49 122 1
37 70 0
37 63 0
45 100 1
46 107 1
45 80 1
37 64 1
46 106 2
45 98 1
50 126 4
50 123 2
41 77 1
39 80 1
40 69 1
35 59 1
49 130 1
32 42 0
41 80 1
40 70 0
33 50 0
43 97 1
37 70 0
41 72 0
40 91 1
39 75 0
34 53 0
46 118 1
32 48 0
47 100 2
35 65 1
50 136 11
31 44 0
44 85 1
35 52 1
35 51 0
48 107 2
38 78 1
47 111 2
46 98 2
37 77 1
33 40 0
29 42 1
46 94 1
38 63 1
34 49 0
42 86 2
42 83 2
40 72 1
37 65 1
47 108 2
46 99 1
45 90 1
50 107 2
43 84 1
41 101 2
42 80 0
43 70 2
33 55 1
46 106 63
43 92 1
34 54 1
43 81 1
44 83 1
46 97 2
39 73 1
48 121 2
33 55 1
40 73 1
41 90 2
35 59 1
32 45 0
33 56 1
45 96 2
44 118 3
46 99 1
42 95 1
38 67 1
49 118 2
43 96 2
48 124 4
31 41 0
36 70 1
40 94 3
46 97 2
36 59 1
44 84 2
38 65 2
44 86 2
50 113 4
37 78 4
45 105 2
47 113 5
42 87 2
48 101 2
46 96 3
33 54 1
31 35 0
33 46 1
31 48 1
40 87 3
31 35 0
31 46 0
42 95 1
39 78 1
33 57 1
38 91 3
44 96 2
35 60 1
41 80 2
47 119 6
32 48 1
42 97 2
44 83 1
33 63 1
34 57 1
37 59 1
34 56 1
35 57 0
48 130 3
47 100 2
43 93 1
34 56 0
44 74 0
35 63 0
33 56 0
44 99 2
38 70 1
33 51 0
48 114 2
40 68 1
37 79 1
37 71 2
41 72 1
37 86 1
40 75 0
47 114 2
34 58 1
48 123 2
41 92 2
40 77 0
35 55 1
36 63 1
42 98 2
49 110 2
36 67 1
38 74 1
48 123 2
42 86 1
36 69 1
35 62 0
46 97 1
47 104 3
42 94 3
40 73 1
35 62 0
39 60 1
44 96 2
36 61 1
48 114 4
32 49 0
40 67 1
36 69 1
32 57 0
36 59 0
47 110 2
43 92 2
44 100 3
33 49 1
42 85 2
34 65 1
45 108 3
48 99 3
47 120 3
35 64 2
32 48 1
36 66 1
35 58 0
43 78 2
47 95 2
34 53 1
32 46 0
35 54 0
45 101 2
44 87 1
36 71 1
38 74 1
47 96 1
37 75 1
48 119 2
50 137 7
50 120 3
34 64 0
46 100 2
38 67 0
43 81 2
43 90 1
47 127 1
