37 59 8588
31 44 1540
37 70 7487
37 63 6888
37 64 22510
39 80 13839
40 69 56904
35 59 12025
32 42 1298
40 70 45881
33 50 1513
37 70 7975
40 91 17359
39 75 33859
34 53 5636
32 48 4660
35 65 6790
31 44 1503
35 52 4318
35 51 3833
38 78 12954
37 77 6900
33 40 4639
29 42 1219
38 63 33234
34 49 7732
42 86 34833
40 72 26213
37 65 11924
41 101 15840
33 55 2533
34 54 1967
39 73 32749
33 55 3305
40 73 23445
41 90 29075
35 59 9581
32 45 1269
33 56 1774
42 95 28910
38 67 52832
31 41 714
36 70 10156
40 94 24950
36 59 9732
38 65 37773
37 78 9000
33 54 9967
31 35 653
33 46 865
31 48 1524
40 87 31484
31 35 2172
31 46 1000
42 95 34113
39 78 48417
33 57 4211
38 91 12103
35 60 4793
41 80 57293
32 48 2132
42 97 44366
33 63 3205
34 57 11591
37 59 27033
34 56 4299
35 57 8509
34 56 1776
35 63 8820
33 56 6614
38 70 16271
33 51 1046
40 68 23251
37 79 12340
37 71 9649
41 72 24913
37 86 18776
40 75 35987
34 58 2723
35 55 13409
36 63 3149
36 67 2172
38 74 24570
42 86 57696
36 69 2347
35 62 4175
42 94 38604
40 73 11830
35 62 6708
39 60 7935
36 61 24476
32 49 2112
40 67 54769
36 69 6954
32 57 1198
36 59 1781
43 92 31820
33 49 6065
34 65 6533
35 64 3667
32 48 9616
36 66 10164
35 58 994
34 53 1680
32 46 1158
35 54 3067
44 87 54462
36 71 12630
38 74 12918
37 75 18420
34 64 4988
38 67 6570
43 81 58795
43 90 38768
