24 146 56
33 254 232
46 538 707
25 164 33
21 108 31
38 346 342
17 80 4
48 550 799
32 236 127
49 587 766
50 606 1375
29 193 54
22 124 13
36 322 356
24 135 93
27 177 118
30 224 145
39 372 353
39 369 204
27 172 123
37 331 260
23 114 62
47 520 1121
45 525 450
40 397 278
49 597 826
27 178 75
11 30 1
14 42 8
49 592 981
28 196 151
14 43 3
31 227 95
34 281 137
26 164 59
49 613 842
24 147 34
13 38 5
22 118 22
31 240 97
27 156 72
35 295 190
29 201 66
35 292 176
37 340 211
32 261 121
32 243 117
37 338 212
14 32 5
49 566 1329
50 584 1382
36 306 201
38 355 351
44 460 763
36 323 263
50 627 988
30 200 101
49 617 891
36 316 257
45 512 716
34 270 252
29 214 94
50 600 1506
47 517 1012
48 556 935
14 40 4
29 209 122
41 403 543
22 126 37
28 173 197
17 75 13
31 233 130
12 27 11
33 255 221
31 236 201
36 313 327
15 50 9
50 623 1009
45 496 632
26 156 75
23 117 43
34 300 196
20 105 18
10 25 1
46 516 697
50 634 815
40 394 337
45 515 670
11 25 1
15 50 5
23 130 40
48 565 881
26 164 53
44 479 549
29 206 98
17 69 11
40 369 397
35 295 191
44 463 571
17 68 7
48 576 776
18 74 11
23 140 24
42 439 437
39 365 322
33 259 125
41 403 329
24 144 31
31 235 108
46 506 575
36 323 163
31 220 102
35 283 143
43 440 496
43 433 508
25 146 38
40 383 292
41 428 320
28 191 57
21 109 16
39 386 236
38 366 176
24 134 31
26 160 46
26 159 48
19 82 11
15 51 4
28 188 59
42 430 350
45 480 623
16 60 6
39 351 268
19 84 8
13 37 2
42 410 428
10 25 1
18 77 8
21 100 19
14 46 3
17 75 6
22 126 19
37 333 189
37 331 251
26 153 51
25 144 40
46 526 592
20 92 13
21 108 18
19 91 13
29 201 66
42 431 402
38 331 246
47 545 805
38 361 258
10 19 1
46 562 455
10 23 2
22 108 24
35 329 131
14 44 4
31 237 91
13 47 4
47 539 636
35 302 157
18 82 8
12 41 2
29 201 79
23 135 29
37 338 177
33 256 129
46 513 624
24 144 27
32 235 105
46 516 630
25 155 36
10 20 1
10 14 1
31 240 106
43 470 369
45 500 532
16 58 6
17 68 8
12 30 2
21 109 18
16 56 6
15 59 4
50 598 1135
16 54 6
11 31 2
25 145 30
50 630 798
33 254 110
16 69 6
24 135 29
19 82 16
48 574 766
43 435 474
14 42 2
32 259 84
32 260 86
12 25 1
34 271 112
44 448 600
21 102 17
39 380 232
18 71 8
14 42 3
48 563 715
17 68 5
21 109 17
31 225 106
41 422 286
40 391 295
30 207 78
20 97 14
11 29 1
45 490 602
41 383 390
32 247 101
40 358 423
30 225 69
49 608 794
48 558 761
29 180 98
27 179 52
41 397 302
21 106 18
12 32 2
39 371 236
45 474 614
17 62 6
38 351 267
16 59 7
11 23 4
34 259 162
44 469 484
19 90 13
15 60 7
15 49 5
24 133 29
25 154 33
23 128 21
44 480 484
13 39 2
48 559 763
22 113 19
50 637 832
17 73 7
43 446 440
27 157 66
32 236 119
23 134 24
20 98 14
49 595 679
49 607 763
15 56 5
48 561 708
28 186 58
23 130 25
25 158 34
37 341 179
13 40 3
29 213 66
10 22 1
10 21 1
16 60 7
33 272 119
26 175 44
40 389 330
39 394 238
48 577 673
42 435 371
12 30 2
43 435 537
34 298 127
26 156 57
32 233 122
18 80 11
47 553 548
13 45 3
28 205 56
47 534 720
14 46 3
10 22 1
18 63 9
33 235 129
41 404 346
34 282 139
40 353 419
34 292 126
26 159 42
36 311 176
28 217 58
10 19 1
12 37 2
31 228 103
13 48 3
42 428 359
36 334 163
15 47 5
35 306 163
19 90 11
35 299 188
38 360 215
20 106 14
21 85 22
33 268 153
35 303 160
36 340 133
47 534 804
37 327 211
12 33 2
38 313 290
11 26 1
26 173 45
16 65 5
20 90 17
33 262 126
17 77 7
18 74 9
28 193 54
43 442 456
16 71 6
23 137 28
19 96 10
13 37 3
36 321 178
11 23 1
30 223 80
18 70 13
47 530 750
20 101 16
45 481 617
46 486 844
21 94 16
30 235 68
46 509 824
18 79 11
40 397 400
12 40 2
15 61 6
44 462 529
30 204 85
29 201 86
34 284 128
41 392 358
20 93 16
13 43 3
30 211 76
35 297 161
24 148 26
22 126 18
42 424 392
40 413 268
47 542 700
20 96 16
28 180 62
38 358 245
43 469 365
46 515 530
11 27 1
19 81 14
23 130 30
44 478 469
15 44 5
33 262 122
19 94 10
14 44 3
24 137 29
41 391 395
22 125 20
37 319 245
39 355 258
27 169 71
37 320 266
16 59 7
42 423 363
43 454 504
25 152 34
28 181 61
19 91 10
25 135 45
39 381 231
22 114 25
47 569 570
30 209 64
27 165 66
34 278 155
41 426 360
13 41 3
45 507 469
22 116 20
49 608 624
42 437 384
11 32 2
32 225 155
38 356 250
30 221 89
43 461 392
12 30 2
18 84 11
11 35 2
50 597 650
20 99 21
44 488 448
44 491 426
42 420 353
27 164 99
27 177 69
25 145 33
