24 205 20
41 594 155
26 230 26
11 35 1
44 652 216
21 155 10
10 30 0
46 725 242
20 130 10
29 294 46
18 109 7
48 782 314
41 583 175
43 637 205
28 274 39
43 636 200
46 725 260
29 255 45
36 442 96
47 771 290
50 836 344
36 454 113
40 512 149
45 693 236
48 774 311
35 427 103
11 40 2
35 418 102
29 277 39
37 457 109
31 325 58
34 406 86
25 210 27
37 473 120
17 101 6
28 254 39
38 513 130
47 754 287
17 91 7
18 118 10
25 213 25
19 118 10
32 346 65
20 133 13
10 30 1
33 370 74
26 221 28
31 312 61
46 717 247
15 71 4
17 99 8
36 438 104
27 243 35
46 716 265
32 353 66
10 23 1
27 239 34
45 673 236
42 588 180
22 169 17
36 446 105
16 83 6
17 95 7
39 508 142
13 47 2
39 505 141
16 81 5
25 205 26
37 470 116
35 415 78
17 106 8
30 311 49
39 537 144
11 43 2
44 683 230
50 867 383
20 137 13
34 403 81
40 554 153
11 39 2
33 384 82
30 312 55
45 679 243
32 353 67
20 129 12
16 82 6
28 259 42
12 36 2
44 674 224
18 110 9
21 153 15
10 30 1
10 32 1
22 165 16
15 79 5
24 187 24
38 481 134
14 67 4
28 265 41
12 45 2
48 787 327
38 479 130
11 37 1
15 80 6
40 542 154
10 30 1
47 769 296
14 63 4
39 527 138
37 478 123
44 679 218
32 333 70
19 120 11
32 350 68
12 48 2
47 740 289
13 60 4
30 299 55
44 662 237
13 48 2
39 532 147
47 710 289
50 839 388
22 157 17
21 143 15
46 730 280
33 348 74
20 129 13
22 168 18
21 153 15
19 114 9
18 117 9
28 290 42
37 458 114
12 49 2
23 194 20
49 804 355
22 164 18
20 128 13
19 125 12
31 328 58
23 182 20
49 821 351
26 229 32
34 368 87
31 315 58
14 66 4
13 52 3
50 883 366
50 869 351
30 307 47
19 111 10
32 338 67
39 523 143
17 95 7
49 829 341
37 466 120
39 512 130
10 26 1
35 424 97
25 200 25
10 26 1
16 81 4
28 260 42
15 63 4
46 717 255
47 762 283
24 182 23
21 151 15
24 192 24
25 210 26
10 30 1
47 747 283
14 58 4
43 641 197
35 424 100
26 238 32
42 599 171
36 469 108
12 43 2
41 588 166
42 613 187
41 553 166
34 377 72
20 135 13
14 64 3
28 277 44
44 664 218
33 374 78
45 696 280
48 787 357
38 485 117
27 245 36
50 882 404
11 34 1
23 182 21
11 36 2
23 174 18
44 655 259
19 117 10
27 248 38
41 592 218
41 548 201
38 494 126
49 817 401
30 293 51
39 507 184
44 657 264
26 230 30
30 302 53
39 504 190
21 144 15
18 97 9
16 81 3
38 485 163
27 254 46
37 489 126
45 705 302
32 352 85
45 682 246
12 46 2
29 285 51
43 624 199
45 688 251
36 441 107
26 248 36
42 600 189
49 819 350
40 551 176
16 84 6
28 263 42
18 101 9
37 456 147
38 505 149
16 83 6
17 99 7
22 171 24
15 70 4
15 78 6
34 402 89
29 290 47
18 106 8
35 424 93
13 53 2
26 243 34
42 589 189
36 430 108
40 560 151
43 644 215
49 842 348
11 45 2
29 286 50
21 148 15
32 359 75
46 760 275
24 184 23
13 58 4
23 183 21
37 457 123
34 395 88
50 828 392
23 176 23
31 338 63
42 613 194
29 286 50
22 165 18
32 360 64
35 415 89
45 699 240
15 69 6
48 804 316
48 825 327
26 241 36
33 373 80
13 51 2
49 816 335
13 56 2
43 641 207
28 263 40
16 82 6
29 283 46
14 63 4
33 376 79
23 187 23
47 762 297
18 110 10
31 318 63
37 474 113
18 108 9
50 831 396
34 371 81
50 872 388
24 192 21
34 400 85
38 496 121
46 688 260
36 454 102
31 331 63
11 42 2
23 179 21
12 47 2
24 184 21
40 546 163
33 362 76
30 311 51
16 78 5
10 33 1
24 199 24
20 131 15
35 422 100
24 199 20
40 556 173
16 86 6
42 589 185
42 599 183
49 838 341
15 72 5
32 363 59
48 804 309
29 279 48
48 813 310
41 603 184
23 166 20
25 200 28
33 370 78
27 238 36
14 63 4
44 677 225
36 458 107
19 114 12
43 603 207
43 625 191
46 727 286
14 57 3
48 776 324
40 542 145
21 137 14
30 298 57
40 561 148
38 506 141
25 208 28
12 46 2
45 688 245
39 521 137
33 373 69
27 240 37
23 182 22
47 749 285
41 585 189
22 157 19
30 277 54
19 109 9
26 231 35
29 268 47
14 60 4
47 769 301
42 595 186
44 634 236
28 273 47
27 231 36
22 159 21
46 708 278
42 598 168
14 63 4
21 155 16
25 207 30
12 44 2
45 710 239
25 212 29
36 443 97
15 74 5
15 69 4
48 799 303
22 166 18
31 325 60
27 246 37
31 327 56
17 101 4
17 80 6
30 329 59
27 262 38
34 389 79
49 786 274
41 561 179
26 220 26
18 118 9
19 119 10
20 132 12
17 88 8
43 615 202
19 126 11
24 194 24
20 128 12
13 53 3
13 61 3
11 37 2
43 616 163
12 54 3
31 320 56
35 420 105
35 418 93
34 409 90
33 380 81
40 545 127
50 859 184
38 472 96
41 571 116
21 142 13
25 194 23
49 840 158
