29 31 483
22 9 1
23 14 46
10 4 0
25 20 40
35 26 2598
23 17 69
29 24 112
26 18 216
18 7 0
29 19 101
13 0 0
33 33 542
38 35 10143
39 30 6884
28 18 299
39 29 3223
26 18 29
27 15 14
34 35 2086
35 20 99
20 11 2
27 19 19
12 5 0
31 22 44
28 26 401
20 7 1
27 16 12
23 11 2
23 6 0
10 1 0
37 32 846
38 45 4886
46 48 38996
20 10 4
33 31 533
11 2 0
32 27 233
27 15 20
29 18 42
41 42 7622
17 8 2
11 3 0
21 14 3
31 22 247
33 26 1123
30 19 36
25 18 23
10 2 0
10 3 0
33 37 915
13 4 0
11 7 1
34 30 1242
25 13 8
23 14 10
31 26 554
13 3 0
37 37 11930
20 11 3
17 6 0
17 5 0
37 32 2991
45 46 11501
16 4 0
12 4 0
39 35 16497
43 54 8719
43 31 2401
45 40 9008
22 15 25
40 45 11254
26 17 23
30 20 83
29 21 50
47 48 40860
14 3 0
25 13 4
12 6 0
24 20 49
12 6 0
13 2 0
29 18 240
28 14 3
15 3 0
42 40 19866
37 29 1227
14 4 0
20 11 2
12 4 0
34 16 49
11 1 0
23 15 4
21 9 4
30 26 102
29 26 193
43 45 20117
42 53 40109
45 52 42736
15 1 0
20 11 8
17 8 0
36 32 732
10 4 0
31 23 202
26 8 1
42 50 44205
30 21 55
18 6 1
40 36 14711
19 8 1
21 10 2
33 26 1072
42 37 59331
44 43 47307
22 15 4
21 3 0
42 38 2132
45 43 24330
11 1 0
41 46 19240
35 21 655
19 14 3
40 35 6908
30 15 200
31 19 150
44 47 22645
20 12 2
16 3 0
38 46 20970
24 18 10
27 12 5
36 40 10302
39 41 12374
38 40 13904
32 24 3450
37 33 6962
42 39 51298
30 20 41
36 37 1440
35 35 480
22 16 7
32 33 559
34 26 184
43 36 9855
19 12 2
16 7 1
16 6 0
29 19 120
28 16 95
14 5 0
45 43 59220
15 9 1
31 18 58
30 25 62
12 3 0
17 4 0
36 31 656
36 40 2025
35 27 3059
47 45 32479
26 18 13
27 21 210
27 16 18
24 17 22
38 45 22585
22 9 2
13 4 0
26 17 45
28 17 24
13 5 0
30 20 672
29 20 76
49 58 33338
15 4 0
23 12 25
34 45 531
33 24 1357
29 17 135
20 8 0
42 44 34018
18 6 1
39 30 1216
39 35 9491
21 7 0
16 7 0
32 17 20
38 35 4707
44 49 36866
32 31 224
43 34 6846
24 15 21
27 23 140
26 21 152
25 10 17
22 6 1
11 2 0
21 12 3
39 41 14411
17 6 0
12 5 0
40 43 8670
37 28 1812
10 2 0
19 8 3
32 26 533
32 24 468
28 12 16
13 5 0
41 48 46343
32 23 443
35 30 506
26 15 8
18 6 0
39 41 6281
25 13 8
19 8 1
36 31 1250
35 22 224
16 3 0
35 31 1524
14 3 0
34 28 308
21 10 2
25 10 1
16 7 0
11 4 0
14 5 0
37 25 1242
33 26 1778
24 16 18
14 0 0
31 20 112
22 8 0
36 38 2242
21 13 2
12 3 0
45 38 13294
14 4 0
17 4 0
27 18 13
24 16 30
18 12 2
22 10 17
10 3 0
24 8 1
41 35 12434
24 17 10
18 12 4
26 9 1
41 42 5684
40 26 441
38 35 1204
15 10 1
44 53 17073
23 11 2
11 2 0
34 44 928
20 9 1
28 17 59
41 48 9754
19 10 5
13 6 0
12 5 0
21 15 9
16 4 0
14 6 0
35 21 2252
46 47 17093
25 15 33
36 31 3789
30 15 20
28 21 80
24 10 4
25 24 38
11 3 0
22 9 3
13 4 0
15 5 0
10 3 0
23 25 25
17 6 0
41 39 2470
31 17 197
44 43 11020
37 36 1406
35 24 773
13 3 0
31 25 114
33 36 2186
43 43 53699
40 39 3787
47 50 48846
23 14 29
17 4 0
36 34 1085
15 4 0
28 20 54
20 7 0
19 9 1
38 35 1701
24 19 62
18 9 1
42 35 7879
40 42 2018
38 32 943
42 52 31816
32 19 354
14 7 0
27 16 14
16 8 0
38 34 5588
22 15 5
33 27 240
39 37 43726
16 10 1
31 19 88
25 15 21
40 36 11984
36 37 1528
34 35 542
14 3 0
10 1 0
12 4 0
19 9 2
41 39 45613
34 26 666
28 15 83
33 23 295
15 2 0
26 13 17
40 36 8063
44 44 14697
32 31 555
41 52 35663
15 7 1
37 21 769
37 23 868
10 0 0
21 12 3
43 51 59681
18 12 8
11 1 0
18 9 1
34 31 3186
15 5 0
18 11 3
19 6 0
45 42 15070
17 12 3
19 12 3
30 19 21
