22 101 25
42 319 809
26 120 46
26 113 195
25 121 141
32 197 101
31 201 82
18 56 5
16 54 4
41 326 733
14 32 2
22 108 55
37 263 410
41 327 671
43 340 1191
48 443 1938
42 339 608
37 276 429
44 363 1195
19 74 7
28 140 120
12 23 1
21 79 12
28 140 112
35 223 274
42 349 609
14 37 2
11 19 0
12 25 1
37 280 281
33 197 168
39 278 657
47 454 1121
26 133 64
12 34 2
37 245 485
50 455 2793
36 257 308
49 505 1394
26 134 45
44 361 1272
10 14 1
38 293 380
50 490 1962
28 156 110
47 454 1014
39 299 542
44 381 729
39 307 449
42 334 903
18 64 9
23 107 46
10 21 1
30 168 171
29 152 136
38 295 304
18 60 13
41 357 676
49 498 1395
38 256 808
19 66 19
40 311 620
17 46 7
15 46 5
15 50 3
33 206 228
14 34 4
45 415 1069
47 436 1313
46 439 1232
50 495 1953
46 436 1053
39 323 438
41 355 463
10 22 1
14 38 4
18 56 11
17 52 10
25 137 43
13 30 3
50 479 2469
12 35 2
24 109 36
25 110 47
17 61 11
36 245 363
39 307 450
27 116 122
17 52 11
15 46 6
25 134 41
35 234 254
33 215 182
42 333 857
30 162 135
42 342 979
11 20 1
14 33 3
49 499 1564
20 78 20
16 50 7
28 134 83
43 348 975
32 200 191
26 123 62
22 102 17
32 192 108
31 190 159
13 34 3
46 430 1126
21 88 16
32 212 167
46 408 2149
49 466 2112
27 153 62
17 49 16
29 160 115
34 238 215
40 313 544
20 76 23
21 89 21
44 376 917
44 355 1660
23 105 32
25 113 50
15 39 5
14 48 4
45 415 696
15 30 4
31 188 137
34 223 289
18 63 10
11 18 1
25 141 39
31 186 132
11 21 2
16 50 7
20 70 20
50 522 1832
14 31 4
27 152 66
48 456 1975
45 394 1071
24 117 40
28 147 88
30 162 151
27 135 108
12 27 2
31 172 176
46 432 1028
29 168 117
29 160 82
31 179 152
17 57 11
21 82 20
24 111 35
38 294 426
29 172 96
35 240 362
11 18 1
20 71 22
33 214 225
22 98 26
42 370 774
22 105 27
28 157 90
24 117 38
41 333 614
35 224 346
18 53 12
24 110 45
16 52 11
13 31 3
38 283 375
36 236 345
27 143 88
35 238 363
50 489 1992
33 223 195
48 469 1668
26 121 59
20 74 20
11 20 1
38 282 380
23 100 31
36 249 380
10 17 1
44 347 1647
45 412 1079
46 417 1217
10 18 2
49 488 1728
34 229 215
40 300 512
43 364 978
33 238 151
30 161 209
47 411 2307
50 509 2105
38 291 419
30 175 152
17 57 7
47 452 1199
48 484 1249
16 48 9
36 264 304
37 264 459
25 116 35
41 323 661
34 221 261
18 56 13
16 50 8
26 143 43
20 71 22
23 112 28
27 138 66
39 294 424
27 149 68
44 345 1374
41 319 823
49 440 2943
36 262 291
35 261 211
49 460 1791
29 174 109
50 499 1840
33 216 214
43 344 1414
36 250 307
13 32 2
15 35 5
40 320 554
35 236 278
44 371 1348
18 64 10
13 29 2
32 196 199
30 174 122
46 401 1524
19 76 14
48 432 1561
38 277 403
41 320 542
43 346 1201
19 70 8
48 476 1650
13 22 2
16 46 6
24 107 46
21 87 21
36 258 304
26 134 48
10 22 0
33 223 180
22 92 28
19 69 14
45 382 1337
21 91 18
22 85 32
19 68 9
10 14 1
47 448 1411
48 385 3123
15 48 6
36 231 338
29 155 114
12 26 2
28 161 90
30 172 113
23 109 45
43 365 870
41 307 755
26 137 50
28 156 88
11 20 1
33 205 220
24 113 40
13 30 2
40 304 591
35 248 276
24 118 34
34 249 164
45 385 1061
47 457 880
10 23 1
46 416 1277
43 358 759
42 363 579
12 28 1
46 406 1411
21 75 19
43 391 721
37 271 394
37 269 360
43 361 709
32 188 201
15 38 5
34 205 211
16 40 6
14 39 4
17 48 11
32 212 167
40 337 430
22 103 24
38 277 454
32 189 179
12 29 2
23 100 29
27 137 78
20 67 15
34 204 286
19 71 15
29 172 96
23 108 37
34 216 249
28 156 72
28 151 65
22 91 30
29 157 87
20 81 16
21 78 31
25 120 46
14 37 5
48 424 2303
36 233 341
24 112 52
21 77 25
11 15 1
16 40 8
48 418 2204
40 303 569
45 397 1064
15 44 3
35 234 283
31 198 128
13 44 4
13 35 3
32 215 164
14 36 3
40 311 724
17 57 6
50 500 2720
42 364 709
10 24 1
48 457 1734
27 148 83
21 76 25
37 286 240
33 222 187
13 33 3
38 255 625
31 208 124
10 22 1
16 47 5
26 117 80
49 480 1786
45 413 890
12 30 2
18 57 11
39 288 586
39 263 825
31 200 93
30 169 151
40 334 523
47 430 1219
19 69 12
49 478 2000
23 98 29
44 363 1057
42 345 746
19 56 15
32 203 121
49 497 1519
37 271 445
35 229 277
27 131 71
45 401 1305
34 212 212
45 408 981
25 138 36
43 364 996
30 182 104
11 21 1
25 105 57
20 73 17
24 115 35
15 40 6
40 327 537
34 220 268
12 27 2
20 86 20
47 407 1370
50 521 1090
30 174 126
29 170 100
46 445 761
23 99 35
11 17 1
22 88 33
31 192 150
41 348 632
47 419 1109
18 67 13
39 315 343
39 314 417
44 383 696
37 279 264
17 56 9
19 71 14
23 101 36
