11 45 1
21 162 13
45 791 276
45 785 267
18 132 9
31 379 68
17 105 7
42 679 206
14 77 4
50 957 406
41 659 191
44 757 252
22 186 19
23 197 21
38 541 135
42 691 215
18 123 10
46 845 310
10 37 1
14 75 5
24 217 28
26 259 35
20 155 15
21 163 19
18 129 11
46 820 292
24 226 29
21 185 22
14 65 4
28 292 46
15 83 5
35 487 107
47 874 334
20 144 13
13 66 3
23 201 25
46 856 297
29 332 53
23 197 22
11 46 2
19 137 10
48 881 327
48 900 348
16 102 8
15 90 6
50 977 411
21 159 17
33 429 89
26 267 40
24 224 29
25 227 31
40 635 179
15 86 6
45 785 259
11 43 2
24 227 29
32 419 79
24 221 29
19 144 13
49 934 383
41 659 189
14 70 4
36 491 100
24 216 26
12 58 3
29 326 53
39 601 162
43 723 233
28 303 49
38 573 158
28 304 42
40 628 183
29 317 50
27 286 43
19 134 12
18 127 10
46 825 294
12 55 3
13 60 3
44 755 253
11 49 2
31 385 74
27 276 38
31 371 68
40 618 173
15 86 6
20 148 14
30 350 63
10 38 2
15 82 5
34 460 105
48 925 384
10 40 2
21 175 18
27 277 42
50 990 402
36 495 115
40 623 179
46 829 301
19 132 12
11 43 1
35 488 115
45 770 251
33 421 77
14 70 4
49 956 373
36 483 109
33 422 87
11 47 2
32 389 73
32 404 80
47 845 324
39 589 156
43 721 229
39 575 137
12 52 2
39 599 204
32 392 79
42 685 215
20 141 13
31 363 66
50 973 415
40 628 170
49 921 369
10 39 2
31 368 56
26 258 33
27 287 43
46 830 284
23 210 25
25 237 24
22 175 20
17 101 7
26 262 30
28 306 49
38 558 141
44 774 269
14 68 3
29 320 54
45 747 255
30 346 63
23 211 22
19 134 12
33 440 95
19 142 11
49 945 377
14 65 4
43 748 250
22 188 20
11 48 2
13 63 2
25 241 34
30 341 59
31 374 71
19 141 13
25 246 33
27 270 41
47 873 351
26 269 39
21 165 17
37 522 133
12 51 2
25 241 31
32 400 84
27 289 40
16 87 6
45 783 275
21 179 16
13 65 3
30 366 67
49 920 378
16 99 7
39 586 165
38 563 147
50 989 420
17 110 10
48 902 338
31 351 62
36 507 124
24 220 32
42 677 210
25 238 34
37 525 132
28 308 51
25 257 37
24 228 28
30 351 63
25 240 34
10 33 1
29 317 57
46 818 288
21 165 17
34 446 97
50 980 451
45 797 277
15 79 5
31 370 63
35 492 120
32 404 78
20 145 15
33 411 83
23 188 23
17 112 9
31 368 69
39 597 166
30 341 55
38 576 155
41 671 217
17 106 8
29 337 59
17 109 9
29 318 55
42 691 208
12 54 3
38 565 151
47 852 362
17 108 8
26 267 36
44 750 275
35 472 108
42 688 231
13 61 2
20 153 15
33 406 97
37 546 152
42 672 238
34 451 109
41 651 229
22 185 21
16 95 8
48 904 413
14 73 5
50 977 487
28 300 55
18 126 12
18 118 11
49 927 445
12 50 3
44 767 298
35 477 134
11 44 2
16 107 9
20 154 18
12 54 3
23 200 28
26 255 43
36 511 145
18 111 10
48 883 400
28 295 52
44 739 292
37 554 170
40 618 190
26 265 48
47 874 389
19 140 16
23 204 27
47 867 397
36 488 135
39 602 190
41 641 217
36 519 144
21 156 10
37 529 149
23 203 25
20 151 17
35 470 128
33 429 108
32 386 93
41 655 239
42 676 254
16 95 8
48 892 407
43 732 287
27 275 49
15 92 8
10 34 2
35 471 128
16 99 9
27 285 46
28 302 61
18 126 13
22 182 23
42 683 244
24 219 40
43 725 294
41 647 245
26 264 47
15 85 7
44 748 304
48 887 419
13 62 4
49 942 455
29 313 68
38 565 186
23 215 31
20 143 12
16 94 8
13 60 4
11 45 3
44 771 314
25 241 40
22 183 25
17 111 12
28 289 56
22 181 24
26 268 45
14 77 7
17 103 10
29 322 69
44 747 316
28 301 59
34 447 115
24 224 35
10 35 1
20 147 19
34 441 117
40 626 222
39 588 189
36 494 135
49 929 449
34 461 114
38 554 165
32 392 95
19 139 16
41 640 223
39 589 203
48 932 479
47 854 403
34 461 127
35 465 124
43 722 280
15 78 7
17 109 9
31 365 85
50 998 567
38 570 183
37 527 167
22 181 24
46 814 369
45 806 357
12 57 4
36 514 147
43 723 321
43 715 300
38 579 193
32 393 91
16 97 9
10 34 2
42 679 268
37 530 184
49 943 528
50 982 548
21 159 23
43 722 346
46 823 456
44 804 427
39 602 249
30 339 96
40 607 278
18 122 15
45 786 391
12 52 3
37 538 191
47 873 446
35 488 168
45 782 355
50 989 535
37 519 182
22 191 32
34 464 135
46 841 394
30 339 80
25 250 50
13 65 5
33 425 117
16 101 9
19 130 14
10 36 2
27 284 56
30 367 91
37 526 173
47 855 329
13 62 4
43 708 267
11 36 2
33 426 115
35 481 139
29 323 71
36 508 145
12 53 3
47 866 318
14 70 6
13 60 4
34 449 123
41 649 203
10 32 2
27 285 52
41 669 205
18 127 13
30 368 79
34 455 114
15 83 5
33 413 98
49 944 275
32 387 83
40 632 144
22 194 27
48 913 211
40 636 128
