20 20 23
7 2 0
20 18 18
22 21 26
39 85 14371
43 96 29986
38 61 10312
22 18 28
41 91 48846
40 101 27659
29 35 840
26 42 479
26 36 417
16 13 1
8 5 0
29 41 309
26 40 187
10 3 0
35 57 2861
21 15 5
30 43 592
28 41 562
26 50 268
14 6 1
43 102 40794
9 3 0
16 15 3
4 2 0
36 66 8150
16 13 1
16 9 0
25 37 32
43 83 54545
41 100 12560
20 20 24
9 7 0
7 4 0
42 90 40850
21 20 12
12 6 0
31 42 1769
32 46 1809
26 35 150
21 13 9
41 82 11450
34 55 8898
30 48 695
33 64 1448
34 52 7578
7 3 0
43 98 39123
33 42 2213
10 11 1
35 51 3228
36 77 4714
42 78 32679
24 26 62
10 2 0
28 36 162
30 42 207
18 13 8
9 5 0
15 16 1
41 96 57843
36 84 3363
42 107 31346
31 46 1565
23 24 91
35 62 7384
5 2 0
18 19 4
29 41 380
43 79 58239
19 14 4
38 58 11358
24 25 66
37 65 21736
21 23 21
40 97 16952
46 105 50254
30 34 924
43 104 40339
12 9 1
7 4 0
10 7 0
6 3 0
28 45 383
6 2 0
7 2 0
32 68 932
26 36 270
11 7 1
23 25 43
37 68 24168
14 12 1
30 36 394
8 3 0
33 64 2631
36 64 11519
3 1 0
14 4 0
21 32 43
16 18 6
16 12 2
34 72 1737
14 10 1
38 73 17595
17 15 7
11 9 1
35 56 2455
24 34 129
7 2 0
27 45 241
20 15 7
20 16 17
30 39 359
19 18 6
28 34 684
14 18 2
30 42 1045
26 26 306
18 14 7
18 17 16
31 52 1294
17 12 2
22 18 59
33 55 4986
19 19 5
18 18 9
42 86 27306
32 40 304
27 37 100
17 17 4
25 33 69
38 72 17419
18 15 3
7 3 0
26 40 87
18 22 20
1 0 0
18 12 5
34 46 3924
38 81 4386
10 2 0
32 55 817
15 13 1
40 75 32554
17 10 2
6 2 0
19 18 6
16 9 1
34 50 9608
12 6 0
8 5 0
17 15 2
38 74 25426
36 61 3540
19 22 17
24 27 183
44 100 38729
22 20 6
12 6 0
42 91 51128
24 29 67
34 60 4017
34 53 6190
44 79 41958
