45 182 16433
19 31 6
14 22 1
45 221 14425
14 17 3
17 29 4
13 16 3
42 179 6298
30 81 210
47 229 16139
13 18 1
17 30 6
44 175 6426
46 199 17201
20 39 12
20 42 50
19 36 17
11 9 0
42 193 4985
35 113 1246
43 188 8331
44 200 9078
50 245 26087
34 119 1158
32 98 627
38 161 1619
39 145 3453
16 21 5
29 70 378
32 111 695
22 39 16
49 232 24702
21 45 26
10 13 1
35 147 524
10 10 0
28 72 243
49 247 37060
29 89 366
48 230 38375
17 31 10
23 45 88
31 109 338
40 163 5687
40 182 2315
24 51 67
19 36 20
20 35 17
36 115 3266
47 206 25894
18 36 15
15 21 5
43 180 11785
29 70 333
21 51 33
31 99 587
20 38 27
17 30 10
36 118 2069
11 20 1
47 216 28055
49 237 49488
38 132 3302
12 15 1
46 227 17860
13 18 3
31 103 1103
36 106 3591
36 111 2823
27 80 140
46 197 35646
39 134 5011
48 252 25239
49 243 40798
27 62 476
43 192 7265
37 134 2316
31 81 1412
30 86 290
18 21 6
26 50 242
12 16 1
50 227 50015
35 125 1783
21 44 34
22 40 61
33 105 787
18 38 15
43 203 9629
25 70 78
16 25 10
36 128 1747
27 67 195
46 210 23302
34 115 1253
28 94 207
33 100 1156
39 154 5473
23 50 74
11 8 1
33 107 695
30 89 414
26 67 229
40 164 7692
28 72 302
26 67 155
48 211 35280
41 156 10234
39 138 6715
47 235 16417
15 15 3
44 203 7496
25 57 170
10 5 0
36 128 2774
17 30 7
39 164 4484
35 119 1458
40 187 2382
20 30 22
33 99 971
11 15 1
38 149 2336
42 162 12902
15 23 5
30 78 559
28 78 392
22 38 50
22 41 48
49 243 39445
45 197 10094
39 156 4919
10 8 0
48 229 16916
32 110 695
34 112 2182
47 223 25771
19 32 15
24 71 78
41 163 11176
15 16 2
20 26 54
16 16 2
15 20 2
27 69 182
11 9 1
19 31 10
33 108 1456
50 239 38019
11 9 0
18 33 12
23 60 72
33 102 1343
16 24 7
49 238 25223
31 85 981
35 117 2672
45 187 32950
48 244 25311
30 87 504
28 72 318
28 85 250
24 44 77
36 133 1314
27 58 335
16 31 9
43 184 14956
24 65 74
24 49 89
23 65 52
40 162 3448
46 204 28604
44 200 11921
25 60 121
12 14 1
45 180 13528
10 12 1
16 27 4
19 33 12
35 123 1361
28 79 298
27 63 145
44 201 8521
15 22 3
10 13 1
42 178 6544
34 125 802
19 37 22
14 25 2
10 5 0
24 49 106
26 57 179
23 55 68
38 134 4105
20 43 22
11 6 0
41 150 9193
43 193 9687
26 70 144
43 178 12683
12 10 1
31 92 679
46 204 27836
26 83 94
14 20 3
44 193 9245
30 88 422
34 111 1147
49 250 27825
50 247 36240
33 117 606
19 34 11
48 222 19066
27 73 126
14 16 2
50 269 37349
42 158 10550
23 45 74
21 39 8
31 89 723
13 20 3
21 43 35
23 39 57
25 66 119
14 14 1
47 225 29077
49 234 41726
19 42 16
26 68 140
13 11 1
45 192 19370
42 171 9447
44 196 8132
46 205 19621
10 5 0
17 24 12
44 193 9406
32 94 765
12 11 0
49 232 41843
27 77 233
37 126 2895
25 58 126
24 56 75
29 76 513
44 172 23002
38 133 4436
32 91 1297
18 33 16
34 103 2315
42 169 8605
36 110 2488
16 18 8
18 37 22
12 14 1
34 109 1805
26 72 210
25 53 226
22 42 41
18 29 8
12 17 1
33 99 1344
22 54 39
20 46 24
43 184 12921
29 82 289
24 40 86
15 26 7
45 183 21069
16 27 11
30 84 441
37 152 2577
50 259 54692
41 156 5669
27 59 396
37 116 4345
30 85 684
48 241 21299
40 154 4422
45 210 7774
42 163 7522
29 81 282
50 258 44692
17 23 11
37 126 2929
47 203 23357
35 134 1750
39 156 4188
46 197 21104
11 13 1
41 151 8065
44 199 18110
14 15 3
38 125 4228
22 54 59
50 250 33773
50 229 45465
23 48 86
17 32 8
28 82 274
29 95 226
10 12 1
16 22 4
41 162 5297
41 172 7613
37 135 2198
47 223 13914
39 151 4679
30 70 707
10 13 0
14 21 2
32 109 850
13 14 1
32 94 1004
34 112 1529
33 87 1331
46 205 18909
41 166 5899
25 61 180
13 15 1
29 80 442
35 129 3171
39 133 4984
13 22 2
25 54 127
22 52 37
39 126 4583
21 48 26
37 141 2933
19 42 14
21 39 32
41 160 7091
11 8 0
14 15 2
16 23 5
37 144 2505
28 82 265
15 23 3
28 74 278
34 95 2318
31 90 350
37 136 3178
45 195 20097
26 58 222
11 15 1
48 245 16254
40 155 7711
35 116 929
13 19 2
12 12 2
26 58 191
45 216 8425
47 215 27654
15 24 6
38 125 3902
18 27 15
48 239 19207
20 35 35
18 23 9
24 63 69
47 210 22689
23 51 63
13 19 2
31 102 436
12 15 1
22 59 43
41 159 8410
29 65 970
38 133 3243
25 55 89
21 46 47
32 89 1001
42 186 9914
17 34 12
40 160 2926
30 90 492
34 121 982
21 41 39
17 37 10
22 50 37
38 141 2833
43 173 12124
25 55 273
23 53 81
35 111 1920
33 105 702
46 199 16242
20 32 9
27 59 406
42 204 4661
36 127 1684
15 16 3
12 11 0
24 72 76
43 177 6312
36 123 2146
38 157 3667
32 101 715
14 21 3
32 115 745
21 45 31
40 144 6252
31 89 617
40 173 2925
29 92 395
37 125 1855
18 23 19
