16 9 1
43 42 3956
26 20 184
14 3 0
15 7 0
23 9 3
27 16 56
18 9 1
34 28 736
31 20 198
34 26 219
38 31 4966
5 2 0
38 41 3948
15 6 0
25 19 114
36 36 519
30 21 113
43 38 6033
39 31 309
28 18 20
42 57 53367
9 1 0
34 30 689
30 18 37
17 5 0
4 1 0
40 42 3894
21 13 3
14 2 0
26 19 14
36 42 5324
1 0 0
30 17 38
9 4 0
8 4 0
34 29 740
12 2 0
38 41 19402
9 1 0
31 25 104
16 11 1
7 2 0
18 8 0
37 37 4504
33 26 289
1 0 0
26 15 25
27 25 48
42 32 7611
23 7 1
28 23 94
44 45 15802
19 7 1
34 24 313
35 26 2560
6 1 0
19 7 0
40 39 13848
27 15 16
22 12 14
42 48 36061
1 0 0
20 8 1
20 8 1
40 37 1880
32 23 160
6 2 0
1 0 0
17 9 1
33 25 420
1 0 0
13 9 1
23 7 1
38 35 2819
38 33 11632
43 39 32603
5 1 0
29 27 412
20 7 0
1 0 0
20 5 0
22 10 2
13 4 0
1 0 0
14 7 1
18 12 4
1 0 0
26 15 23
11 4 0
29 19 245
11 4 0
41 41 7012
15 6 0
36 28 7201
41 35 9364
35 26 3902
15 10 2
26 17 10
14 4 0
35 26 320
15 9 1
42 45 4665
16 3 0
8 2 0
25 17 52
28 15 41
33 26 2489
43 44 34144
7 1 0
44 50 46377
18 7 0
25 14 9
24 16 55
34 18 67
7 2 0
33 37 1747
40 39 4215
21 13 11
44 45 9042
36 25 1327
24 13 5
36 34 1148
15 6 0
21 13 3
25 14 3
35 26 895
37 39 1696
41 38 12069
15 5 0
1 0 0
29 18 157
26 18 51
31 23 281
43 47 13182
27 20 23
28 30 416
20 16 5
26 14 7
10 5 0
16 6 0
20 12 2
8 2 0
25 17 33
21 13 10
18 10 1
24 12 3
35 33 1488
44 33 1838
18 3 0
9 3 1
31 34 1230
42 46 40234
14 7 0
17 8 0
18 5 0
42 48 20228
22 15 7
32 28 353
8 3 0
12 1 0
13 5 0
33 24 176
29 17 101
18 7 1
6 1 0
13 6 0
29 23 53
