31 57 1935
39 74 6139
42 84 36435
22 21 89
11 7 0
12 5 0
18 16 3
26 26 92
36 72 3185
28 27 325
41 80 33624
21 24 15
21 28 65
20 23 15
37 67 24006
22 24 36
32 47 3085
28 35 263
33 47 556
31 40 1729
14 11 0
36 67 11380
14 12 1
36 72 4099
20 21 22
26 37 102
13 7 0
20 12 5
13 7 0
17 15 4
27 35 316
22 21 40
12 4 0
23 25 82
30 35 384
38 73 4833
35 60 3734
30 41 931
39 69 21284
40 71 13585
12 2 0
36 67 10979
30 45 448
13 13 1
32 49 897
25 31 76
24 25 156
32 52 2847
16 8 1
21 25 19
42 92 31952
38 63 34480
37 67 4692
15 11 1
23 33 57
31 43 469
21 16 13
13 8 0
17 11 3
34 42 6731
39 82 11456
22 24 18
23 16 13
33 59 3585
34 64 1579
33 51 808
30 48 842
34 52 4154
21 21 22
39 75 13936
11 2 0
36 49 26500
42 90 10909
37 74 4139
21 20 17
33 53 2268
29 45 520
15 12 1
38 72 13307
16 12 2
25 27 155
12 5 0
13 4 0
37 56 16091
41 93 15325
33 49 2354
23 30 49
10 4 0
36 68 3978
23 22 53
42 86 33283
42 75 21476
19 15 10
12 8 1
34 66 5712
39 74 15060
33 56 2714
28 46 322
13 9 1
23 21 17
32 44 804
29 42 571
27 38 761
28 36 934
39 79 6761
18 24 8
33 43 2655
21 21 28
34 42 1668
31 39 1563
11 7 0
15 12 4
38 70 6467
37 55 24841
28 37 137
40 91 8181
24 30 34
26 34 213
29 49 729
33 51 2043
29 37 780
10 4 0
42 93 37128
31 40 718
36 67 6996
26 35 134
12 5 0
40 69 56183
16 6 1
22 25 30
18 17 8
10 4 0
10 3 0
32 52 2025
20 20 15
37 73 9408
19 18 14
27 40 292
16 8 0
41 68 39565
35 58 11774
22 24 110
28 35 226
13 13 2
17 10 2
32 44 1262
29 43 1167
30 44 1043
14 5 0
19 18 17
27 36 248
26 28 96
23 31 27
10 5 0
26 25 168
13 7 0
35 62 2371
29 27 169
37 54 25197
15 10 1
25 28 45
26 38 405
44 103 40106
39 68 24510
11 3 0
33 51 4859
30 48 342
20 22 14
26 29 139
28 38 320
12 4 0
16 8 1
35 57 8185
27 42 318
12 9 0
32 46 5114
34 58 5577
25 18 27
14 13 4
36 52 4310
15 5 0
36 64 19025
28 41 412
24 32 134
18 15 2
25 27 44
18 12 4
39 70 22612
15 7 1
36 60 4446
13 7 1
40 73 27671
29 43 347
12 4 0
38 65 10801
24 22 17
24 30 110
18 16 3
40 72 31624
35 50 1829
17 14 2
32 54 1504
40 76 11185
33 52 3875
24 27 28
31 46 1675
38 58 39045
41 79 26621
10 5 0
18 20 8
27 33 156
19 14 2
12 4 0
19 20 10
35 68 7768
41 86 34414
30 43 660
17 8 1
31 48 1873
14 9 0
29 32 1071
17 14 2
26 33 205
22 30 28
41 79 39506
18 16 2
10 5 0
30 48 450
10 6 0
11 6 0
37 60 11834
10 6 0
11 6 0
41 90 41827
30 44 1165
27 34 76
41 83 18094
29 33 374
14 8 0
25 20 50
16 13 3
34 69 1918
22 32 53
28 33 310
43 77 56736
19 15 2
42 95 29597
43 68 17378
14 9 1
10 5 0
38 74 13598
35 67 7205
25 34 157
41 88 27696
16 7 0
32 49 973
19 13 3
28 54 454
17 18 12
16 11 2
21 25 114
21 25 39
39 82 19179
14 7 1
37 68 4375
19 20 4
40 69 3191
18 11 2
30 40 197
27 36 296
11 7 0
17 12 2
15 17 3
43 93 58801
23 18 35
34 54 2544
24 23 35
35 56 5940
25 36 116
40 67 35996
38 80 9253
25 27 39
20 10 1
16 8 1
19 15 8
41 84 23291
31 44 1708
24 21 23
31 41 866
23 15 6
11 7 0
38 82 8216
34 57 1645
11 4 0
15 10 1
27 40 236
31 32 641
16 9 1
14 10 1
20 17 2
26 24 135
21 20 15
44 100 45849
43 99 44284
35 73 6571
20 17 16
35 55 5012
27 47 248
20 22 14
11 6 0
38 71 10790
13 6 0
24 26 56
17 12 1
43 100 26330
34 54 3355
39 82 17472
20 10 4
29 39 578
37 65 6301
15 10 2
22 33 46
14 8 0
19 18 25
23 25 57
32 64 1591
24 30 102
18 18 3
22 27 60
17 9 2
15 10 2
25 22 39
