50 1088 711
40 695 250
15 92 3
26 277 38
46 928 568
27 314 54
15 93 4
10 39 1
37 591 192
19 161 15
22 207 24
48 1000 640
39 653 227
28 344 68
20 175 19
35 539 156
22 206 24
20 163 16
37 601 211
11 53 3
23 221 31
14 80 5
13 70 5
17 125 12
33 472 133
21 196 29
49 1077 760
20 160 20
29 351 79
17 121 13
37 600 198
17 122 12
22 207 32
19 157 19
45 878 478
38 625 246
21 189 26
29 367 76
48 1021 686
24 253 38
34 501 154
36 560 277
22 212 42
16 109 11
41 731 394
29 364 114
20 173 39
34 505 186
18 137 19
15 94 13
47 967 637
35 533 271
19 161 26
16 103 12
50 1096 766
12 60 7
45 894 486
27 319 78
17 127 15
10 43 2
11 47 6
31 404 123
45 889 491
22 208 37
20 170 25
15 91 8
17 122 19
44 838 439
30 405 118
37 603 235
31 428 129
32 449 131
36 576 224
43 819 421
34 515 194
32 446 129
26 295 62
30 391 115
27 324 78
22 214 38
28 355 110
35 540 198
46 945 517
28 342 88
19 158 22
23 236 52
25 274 64
43 819 366
21 194 30
24 250 53
39 671 261
19 149 20
48 1008 561
28 353 79
45 902 464
21 193 27
16 105 10
29 372 94
26 296 52
41 738 324
35 535 181
37 607 222
42 775 332
37 592 211
22 213 35
14 77 5
46 944 492
32 443 128
42 764 328
44 850 403
18 129 14
44 834 375
35 524 168
20 177 26
18 138 16
49 1039 567
28 344 80
14 89 5
14 82 7
33 473 135
36 568 196
29 374 83
25 267 49
12 60 4
11 52 3
31 415 104
13 70 5
36 571 187
33 475 130
23 227 35
28 343 70
44 851 394
32 458 131
29 364 87
42 783 341
41 738 295
12 58 4
33 477 139
46 943 503
50 1106 660
37 609 218
39 651 229
24 250 39
22 213 33
44 844 377
49 1061 583
47 969 494
15 95 9
13 72 5
35 539 161
10 41 2
36 569 174
25 278 50
38 629 229
25 279 51
47 958 493
27 322 67
46 945 494
26 290 54
15 95 9
32 453 117
15 91 8
23 228 38
31 416 96
39 652 238
50 1108 672
45 876 416
28 335 72
32 448 124
47 959 492
30 388 93
28 345 80
21 185 26
20 161 15
32 460 132
17 126 14
14 81 7
18 143 15
44 833 392
29 365 75
40 703 279
49 1064 644
11 51 3
33 474 135
23 231 31
40 698 289
13 73 5
49 1061 633
24 253 45
23 222 35
35 526 176
15 96 11
44 835 408
10 39 2
26 292 59
10 42 3
43 823 402
13 75 6
18 143 19
14 83 7
47 974 545
10 41 2
28 335 77
20 169 22
27 318 69
42 788 382
48 1012 562
17 123 13
29 357 82
10 39 2
27 316 67
25 265 45
34 509 162
42 755 338
38 625 245
26 290 56
21 186 27
34 511 170
47 979 553
30 385 96
16 110 11
37 602 233
34 511 171
41 752 331
30 394 108
39 671 272
46 934 491
33 479 143
12 57 3
45 887 434
31 417 116
38 621 214
41 739 319
17 120 13
14 80 6
47 979 511
31 422 113
40 704 292
11 45 3
50 1096 632
48 1020 524
50 1104 661
36 570 193
48 1004 527
18 139 15
24 243 43
37 602 215
24 246 40
25 275 53
18 134 15
13 70 3
23 220 36
19 144 16
10 40 2
23 231 33
42 787 344
12 58 4
46 919 449
27 316 65
41 738 303
39 659 249
30 388 86
18 138 17
11 52 3
11 52 3
47 973 514
38 635 216
25 281 56
43 792 329
22 208 32
19 152 16
35 539 162
49 1062 608
36 553 171
30 389 95
30 385 94
21 184 24
44 848 375
34 518 160
30 393 94
24 245 42
43 821 375
15 95 8
31 416 107
41 738 301
38 633 222
33 487 141
10 41 2
24 249 45
27 323 63
25 274 50
38 626 221
43 816 375
16 112 11
21 182 24
32 445 121
43 815 364
13 68 4
26 290 57
26 291 57
49 1054 611
14 77 6
41 749 307
25 270 49
47 963 490
25 270 52
43 807 380
20 171 22
15 94 6
49 1048 607
35 550 183
49 1047 594
42 777 345
11 53 4
18 141 17
20 178 25
28 337 72
24 247 43
40 714 289
43 823 383
39 668 250
27 313 65
48 1003 564
26 290 61
46 934 495
16 108 11
31 417 112
44 863 426
46 938 486
23 236 41
19 152 19
16 113 14
50 1100 640
41 756 346
50 1102 637
40 703 292
34 518 169
17 120 13
29 361 83
12 60 4
18 139 17
41 730 308
39 675 269
50 1106 649
11 50 3
31 418 111
12 55 3
36 577 199
45 891 435
22 210 33
24 245 38
38 639 234
48 1010 559
40 700 255
39 666 241
29 370 85
45 899 445
47 980 511
42 784 339
10 39 2
42 785 353
40 700 267
33 475 124
44 849 392
48 1021 582
38 615 218
26 291 59
12 63 5
43 826 385
31 420 101
14 85 7
23 231 37
49 1067 610
16 114 12
19 157 18
16 103 7
40 697 270
45 894 448
13 71 6
19 153 20
21 191 30
12 58 4
27 317 65
14 74 8
40 718 304
30 396 95
17 117 11
37 603 221
13 74 6
38 634 234
16 109 10
33 484 141
21 190 27
42 771 348
35 530 169
13 70 8
32 445 120
46 941 392
45 892 363
50 1119 403
34 510 162
33 467 123
34 501 151
39 669 233
12 60 4
36 567 173
11 50 3
48 1001 307
32 436 99
36 549 123
