20 55 34
39 216 995
10 19 0
44 303 1887
16 35 3
47 336 4709
14 30 2
11 18 0
50 367 9731
15 27 2
22 65 46
17 39 14
28 116 170
42 238 1923
36 192 837
24 84 50
42 261 1404
30 144 127
15 26 10
23 75 58
33 165 367
10 7 0
16 43 4
40 247 1179
30 150 115
32 155 293
25 86 60
33 159 332
13 24 2
13 23 2
30 138 170
34 171 271
44 269 3104
33 173 225
21 69 29
34 155 521
41 239 1343
39 231 900
45 295 2884
16 32 8
28 111 124
45 301 2529
23 81 57
14 26 3
37 209 766
33 164 354
19 53 12
15 40 4
37 210 740
16 27 6
34 172 497
48 323 6985
30 141 240
39 247 981
46 310 3487
18 33 14
21 69 27
19 45 24
22 62 38
25 88 53
26 97 90
31 118 272
25 86 106
20 64 19
46 312 4158
23 75 46
20 42 17
41 244 1975
15 27 6
18 59 13
34 172 491
49 339 7076
45 316 3210
45 307 2927
41 236 2214
49 376 5472
32 154 239
13 26 3
25 90 82
34 172 473
21 69 24
40 239 1685
39 243 1357
18 47 11
29 124 128
16 34 9
42 273 2079
12 23 2
15 25 3
23 80 51
14 30 4
21 68 41
29 117 244
14 35 3
18 48 8
12 12 2
27 95 159
45 289 4757
38 206 1874
12 20 1
18 42 18
27 109 86
33 148 440
29 124 165
42 235 3273
22 70 44
10 10 1
45 298 3171
35 179 833
30 133 189
26 103 56
13 17 2
13 21 3
45 314 2481
43 243 4680
33 161 417
35 182 590
47 335 4218
48 347 4762
36 207 763
37 201 805
17 36 13
47 330 3846
30 114 266
31 136 467
20 43 32
10 15 1
40 207 2337
21 66 23
15 28 7
13 26 2
12 12 1
12 15 1
29 122 199
18 39 17
14 21 3
26 106 75
18 43 11
50 375 6037
21 62 26
49 331 6070
16 34 8
43 262 2036
24 85 68
35 170 865
28 119 129
11 25 2
43 270 2502
14 27 3
21 68 31
28 121 101
48 340 5347
46 317 3998
48 337 4699
25 83 77
31 130 510
47 316 5581
44 286 2731
50 352 7899
32 142 311
20 59 21
27 104 177
31 124 311
46 279 5454
24 69 58
26 88 101
35 183 621
36 195 614
16 33 3
45 298 3320
25 85 71
22 71 34
29 122 206
31 128 426
18 49 11
13 21 2
34 159 502
26 101 85
41 236 1933
18 56 10
50 353 8441
16 29 6
37 213 675
20 63 21
13 26 1
15 27 4
37 195 1127
14 25 4
36 201 718
26 99 97
38 199 1302
35 183 584
19 54 21
47 346 4503
35 185 489
32 154 400
27 110 94
49 363 6067
38 236 625
10 12 1
39 242 1056
14 26 4
42 296 1184
22 69 41
44 284 2573
38 209 738
25 94 88
11 12 1
50 355 8721
12 17 1
43 264 2816
47 322 3781
29 123 187
49 371 4407
11 19 1
29 125 145
11 18 1
12 19 2
27 114 95
35 176 401
42 255 1930
39 187 2443
22 74 26
23 90 42
46 307 4087
45 298 4877
23 79 49
45 262 5797
44 296 2029
42 236 3076
17 42 9
46 320 3337
36 189 485
41 267 1551
13 24 2
24 76 80
41 247 1517
15 35 6
13 22 1
42 254 1844
11 15 1
16 38 7
27 103 123
17 47 10
40 227 1270
28 106 123
27 98 183
37 200 757
20 52 15
41 257 1794
14 32 3
24 77 76
43 282 2630
34 158 547
50 360 11960
23 66 34
38 222 957
32 152 271
11 20 2
11 18 1
30 133 194
17 49 9
20 51 22
19 43 18
12 20 2
33 138 496
40 233 1024
38 206 991
22 62 47
35 187 716
10 17 1
15 34 5
43 261 2975
24 86 55
40 248 1085
48 362 4806
38 219 1423
12 18 2
33 171 341
19 53 11
48 355 6859
28 99 198
29 102 143
41 240 2706
44 262 3937
47 325 5061
35 181 544
19 55 15
27 101 131
30 126 312
37 195 1151
26 93 94
36 174 1254
29 125 140
46 331 3409
37 202 930
39 208 1715
33 169 343
10 13 1
50 368 6838
32 148 410
21 65 16
22 78 34
17 33 8
25 87 82
19 46 16
22 59 47
48 319 8315
11 14 1
50 383 6761
31 144 196
26 102 84
37 213 684
40 261 1180
43 269 3510
18 40 14
49 389 4364
24 85 72
21 64 22
10 7 0
27 101 121
43 252 3366
46 318 4320
40 243 922
31 154 149
47 358 2168
41 249 1485
46 325 3378
40 245 1061
41 241 1319
50 362 7097
32 154 292
20 48 39
40 202 2275
49 357 7441
24 88 57
15 34 2
23 71 37
46 323 2120
44 298 1955
36 183 559
16 34 6
31 143 263
17 51 8
30 121 129
49 380 4070
24 79 43
33 125 564
29 131 188
39 237 1020
32 143 345
28 114 160
19 39 15
34 157 876
10 12 0
32 142 391
43 260 3294
38 217 943
28 110 177
36 191 759
17 40 8
31 141 199
20 68 15
49 371 5663
22 73 27
26 102 77
48 349 5305
50 392 4071
10 18 1
35 189 407
25 82 62
38 189 1642
19 51 17
44 283 4277
17 49 9
44 271 3648
39 191 2614
11 16 1
34 177 370
25 88 54
49 322 5445
28 103 177
36 181 809
48 321 4510
47 312 4458
48 346 4373
26 91 87
37 198 1065
43 253 3467
12 20 1
14 33 5
23 71 34
19 55 22
32 137 437
47 303 4225
31 121 386
23 66 57
17 42 7
24 74 46
30 120 218
28 99 172
42 250 2031
34 198 324
39 226 1179
42 250 1574
27 92 113
38 234 1009
21 58 25
36 179 716
44 286 1269
