36 383 71
13 47 2
35 344 70
20 107 7
20 109 18
11 26 1
23 149 18
49 702 522
13 47 1
17 85 5
44 557 321
20 116 9
22 153 23
34 335 191
26 204 43
27 226 81
31 276 51
41 498 305
12 40 1
31 299 83
33 318 144
45 583 393
47 628 433
37 396 194
35 353 160
22 134 12
34 330 139
30 264 50
37 421 120
23 161 33
21 126 30
13 37 2
37 427 165
22 143 24
16 80 6
31 276 96
32 294 77
47 679 345
50 743 549
25 184 29
24 168 32
33 322 119
11 31 1
20 119 13
40 462 188
43 527 291
12 43 2
33 309 97
16 71 7
12 32 2
37 390 167
50 747 537
33 301 107
38 417 178
26 197 36
21 136 15
19 118 9
13 46 2
33 290 110
35 380 106
21 132 16
10 23 1
26 195 33
19 109 9
49 699 479
30 238 72
39 422 224
29 248 59
48 669 504
13 52 5
18 95 9
13 48 3
48 689 443
50 712 583
30 266 60
16 73 8
38 422 169
30 250 72
28 231 49
44 566 307
47 631 430
22 137 20
48 661 435
26 201 30
17 75 4
21 117 15
23 163 26
41 521 199
49 687 537
33 319 74
24 165 28
25 165 40
16 69 5
37 414 150
40 468 210
27 202 45
38 427 185
32 286 84
44 554 347
19 95 12
26 200 39
48 690 470
19 124 18
16 81 7
45 621 340
45 592 358
40 485 228
11 30 2
13 50 3
17 75 8
38 420 186
33 296 116
36 373 149
45 613 400
45 566 380
48 674 493
18 93 11
29 253 63
19 113 13
42 532 261
18 89 9
31 274 70
33 318 80
12 41 2
24 167 28
20 111 14
23 162 21
41 499 232
26 199 37
31 277 92
25 193 31
45 608 384
38 406 178
15 70 5
35 342 142
41 479 252
40 474 222
43 535 351
10 33 2
12 43 3
38 410 208
29 255 63
43 521 376
25 174 36
32 290 106
42 541 282
43 579 341
28 221 62
41 480 330
11 33 2
16 76 11
41 475 346
36 386 206
16 79 7
27 204 67
38 414 251
46 635 519
21 124 19
26 206 52
50 724 714
14 55 4
25 185 42
23 156 32
34 333 142
30 243 85
49 682 637
46 610 475
14 59 5
47 638 547
39 429 287
35 364 141
47 675 477
27 203 54
28 211 68
17 79 7
47 649 461
19 99 19
32 299 102
17 87 11
48 675 533
13 45 6
40 456 292
32 283 102
46 614 394
28 246 59
33 314 111
16 70 7
35 364 128
14 50 5
30 279 70
38 421 198
23 155 25
42 510 325
15 68 5
39 459 216
50 719 713
18 90 11
42 515 230
14 60 4
36 385 141
15 57 7
21 138 23
22 127 21
31 265 81
43 545 310
22 138 21
25 187 35
36 390 159
31 276 77
32 298 87
24 160 31
42 510 321
27 215 46
11 34 2
36 401 134
20 110 15
44 548 485
14 54 4
50 738 717
44 574 402
42 499 347
28 210 62
24 169 31
44 583 333
41 501 346
47 644 560
37 404 230
15 64 6
14 50 5
45 599 447
22 135 24
43 548 365
34 351 143
11 38 2
15 69 6
40 454 267
31 282 94
29 252 74
35 359 139
48 686 462
45 579 406
22 138 25
43 528 317
39 466 242
34 324 131
18 98 13
11 37 2
23 146 34
50 738 553
19 107 16
13 43 3
12 42 3
39 435 222
34 324 144
25 170 45
21 129 19
28 235 65
15 68 5
41 467 251
42 519 294
30 260 67
10 28 1
18 93 11
46 646 364
11 33 3
13 51 3
39 450 183
23 150 23
15 62 6
42 506 312
33 321 96
29 238 57
42 513 249
24 170 29
20 126 18
12 44 2
44 565 312
48 677 464
29 243 59
43 560 250
46 616 361
34 338 105
46 624 348
19 100 13
24 168 28
36 391 140
10 26 1
34 329 112
36 399 135
28 220 50
39 445 197
36 374 145
40 469 234
49 727 480
34 317 108
21 113 18
49 710 530
11 35 2
18 87 10
37 396 150
10 23 2
24 159 28
12 44 3
25 178 39
12 47 3
27 217 49
14 59 5
44 549 378
36 385 144
19 99 11
14 54 7
35 371 132
39 452 198
17 94 9
48 657 528
46 609 451
16 66 7
42 512 244
26 194 36
49 700 648
18 90 10
43 534 385
15 60 5
15 55 5
25 183 31
27 202 41
37 400 171
50 708 683
21 121 20
22 142 22
20 109 14
28 224 62
32 291 84
30 264 65
25 173 36
24 179 31
46 599 397
39 455 235
23 157 25
48 684 519
34 326 118
10 32 1
46 611 453
47 644 549
18 103 12
41 486 281
10 28 2
49 698 619
50 734 805
14 60 4
49 694 632
40 476 234
19 104 13
39 416 230
45 597 522
44 563 486
26 190 50
31 288 95
10 27 1
41 500 306
47 623 669
49 706 648
31 277 136
37 400 219
23 166 37
32 271 135
30 274 136
35 365 197
17 82 14
16 70 16
17 79 10
47 648 483
10 28 1
20 121 18
45 621 348
21 116 19
40 460 275
20 110 18
22 140 31
24 162 37
27 206 59
11 29 3
26 197 42
29 238 66
40 452 279
27 209 61
50 732 489
29 246 74
28 226 66
30 267 108
17 83 10
46 625 380
44 565 376
35 376 138
38 427 190
10 22 1
27 224 52
32 311 106
29 238 87
37 420 203
17 79 14
29 242 84
15 67 8
38 404 184
32 295 98
43 542 200
12 36 5
28 219 67
14 50 4
18 89 16
