22 101 41
42 319 990
26 120 221
26 113 69
25 121 131
32 197 363
31 201 108
18 56 0
16 54 6
41 326 852
14 32 0
22 108 85
37 263 384
41 327 847
43 340 1654
48 443 2488
42 339 994
37 276 582
44 363 1462
19 74 3
28 140 142
12 23 0
21 79 3
28 140 192
35 223 242
42 349 839
14 37 0
11 19 0
12 25 0
37 280 453
33 197 259
39 278 894
47 454 1453
26 133 96
12 34 0
37 245 660
50 455 3394
36 257 432
49 505 1764
26 134 73
44 361 1574
10 14 0
38 293 483
50 490 2403
28 156 150
47 454 1269
39 299 695
44 381 916
39 307 560
42 334 1122
18 64 1
23 107 20
10 21 0
30 168 206
29 152 170
38 295 412
18 60 4
41 357 846
49 498 1760
38 256 1002
19 66 6
40 311 782
17 46 0
15 46 2
15 50 9
33 206 277
14 34 1
45 415 1364
47 436 1668
46 439 1536
50 495 2377
46 436 1334
39 323 594
41 355 618
10 22 0
14 38 2
18 56 7
17 52 1
25 137 64
13 30 0
50 479 2912
12 35 5
24 109 50
25 110 66
17 61 9
36 245 470
39 307 588
27 116 72
17 52 0
15 46 0
25 134 62
35 234 370
33 215 243
42 333 1055
30 162 179
42 342 1163
11 20 0
14 33 0
49 499 1830
20 78 26
16 50 2
28 134 106
43 348 1132
32 200 244
26 123 77
22 102 29
32 192 170
31 190 201
13 34 0
46 430 1363
21 88 26
32 212 201
46 408 2480
49 466 2485
27 153 88
17 49 0
29 160 153
34 238 284
40 313 636
20 76 2
21 89 7
44 376 1106
44 355 1881
23 105 41
25 113 68
15 39 1
14 48 1
45 415 797
15 30 0
31 188 160
34 223 340
18 63 16
11 18 0
25 141 57
31 186 163
11 21 0
16 50 1
20 70 24
50 522 2192
14 31 1
27 152 82
48 456 2293
45 394 1297
24 117 52
28 147 112
30 162 100
27 135 114
12 27 0
31 172 215
46 432 1249
29 168 142
29 160 109
31 179 184
17 57 0
21 82 27
24 111 46
38 294 515
29 172 122
35 240 439
11 18 0
20 71 7
33 214 277
22 98 34
42 370 947
22 105 32
28 157 114
24 117 52
41 333 754
35 224 420
18 53 0
24 110 57
16 52 11
13 31 0
38 283 474
36 236 435
27 143 100
35 238 456
50 489 2471
33 223 269
48 469 2049
26 121 81
20 74 15
11 20 0
38 282 484
23 100 46
36 249 460
10 17 0
44 347 2002
45 412 1337
46 417 1508
10 18 0
49 488 2150
34 229 291
40 300 637
43 364 1230
33 238 194
30 161 269
47 411 2929
50 509 2658
38 291 529
30 175 198
17 57 0
47 452 1505
48 484 1562
16 48 3
36 264 404
37 264 590
25 116 55
41 323 841
34 221 329
18 56 3
16 50 13
26 143 68
20 71 0
23 112 40
27 138 92
39 294 545
27 149 90
44 345 1738
41 319 1040
49 440 3713
36 262 383
35 261 277
49 460 2252
29 174 139
50 499 2341
33 216 280
43 344 1786
36 250 403
13 32 0
15 35 0
40 320 725
35 236 375
44 371 1701
18 64 15
13 29 0
32 196 276
30 174 163
46 401 1948
19 76 23
48 432 1965
38 277 513
41 320 689
43 346 1496
19 70 0
48 476 2106
13 22 0
16 46 0
24 107 33
21 87 33
36 258 411
26 134 71
10 22 0
33 223 243
22 92 41
19 69 0
45 382 1677
21 91 25
22 85 1
19 68 16
10 14 0
47 448 1773
48 385 3899
15 48 2
36 231 452
29 155 153
12 26 0
28 161 131
30 172 143
23 109 54
43 365 1084
41 307 974
26 137 64
28 156 116
11 20 0
33 205 286
24 113 57
13 30 0
40 304 777
35 248 389
24 118 33
34 249 247
45 385 1301
47 457 1107
10 23 0
46 416 1560
43 358 952
42 363 750
12 28 0
46 406 1738
21 75 15
43 391 907
37 271 480
37 269 463
43 361 881
32 188 261
15 38 2
34 205 270
16 40 0
14 39 0
17 48 0
32 212 217
40 337 548
22 103 36
38 277 571
32 189 224
12 29 0
23 100 41
27 137 105
20 67 15
34 204 360
19 71 21
29 172 129
23 108 25
34 216 315
28 156 96
28 151 93
22 91 39
29 157 57
20 81 26
21 78 15
25 120 72
14 37 0
48 424 2830
36 233 433
24 112 71
21 77 0
11 15 0
16 40 0
48 418 2691
40 303 730
45 397 1352
15 44 0
35 234 375
31 198 180
13 44 2
13 35 1
32 215 217
14 36 0
40 311 904
17 57 14
50 500 3100
42 364 893
10 24 0
48 457 2207
27 148 118
21 76 0
37 286 312
33 222 253
13 33 0
38 255 793
31 208 164
10 22 0
16 47 0
26 117 106
49 480 2231
45 413 1136
12 30 0
18 57 9
39 288 761
39 263 1026
31 200 129
30 169 207
40 334 674
47 430 1510
19 69 20
49 478 2431
23 98 45
44 363 1315
42 345 939
19 56 13
32 203 171
49 497 1873
37 271 563
35 229 355
27 131 94
45 401 1607
34 212 273
45 408 1183
25 138 57
43 364 1205
30 182 73
11 21 0
25 105 79
20 73 26
24 115 52
15 40 0
40 327 647
34 220 327
12 27 0
20 86 27
47 407 1575
50 521 1311
30 174 74
29 170 109
46 445 961
23 99 44
11 17 0
22 88 39
31 192 171
41 348 729
47 419 1321
18 67 13
39 315 433
39 314 542
44 383 811
37 279 291
17 56 0
19 71 22
23 101 55
