31 57 0
39 74 0
42 84 1
22 21 0
11 7 0
47 107 1
12 5 0
18 16 0
45 85 2
26 26 0
48 103 1
36 72 1
45 106 2
28 27 0
41 80 1
21 24 0
21 28 0
20 23 0
44 83 0
37 67 1
22 24 0
32 47 0
28 35 0
33 47 0
31 40 0
48 118 2
14 11 0
36 67 0
14 12 0
36 72 1
20 21 0
26 37 0
13 7 0
20 12 0
13 7 0
17 15 0
27 35 0
22 21 0
12 4 0
47 103 2
23 25 0
30 35 0
46 96 4
48 112 1
38 73 0
35 60 0
30 41 0
39 69 0
40 71 1
12 2 0
44 85 1
36 67 0
30 45 0
42 90 1
13 13 0
32 49 0
25 31 0
24 25 0
32 52 0
16 8 0
21 25 0
42 92 1
38 63 1
46 82 1
48 105 1
37 67 1
15 11 0
23 33 0
31 43 0
21 16 0
13 8 0
17 11 0
46 106 1
34 42 0
39 82 1
22 24 0
23 16 0
33 59 0
40 78 1
34 64 1
50 111 2
49 111 1
33 51 0
30 48 0
34 52 0
21 21 0
46 118 18
39 75 1
11 2 0
36 49 0
42 90 1
46 113 1
37 74 0
21 20 0
33 53 0
50 110 1
29 45 0
45 90 1
15 12 0
38 72 1
16 12 0
25 27 0
12 5 0
13 4 0
37 56 0
46 86 1
41 93 1
33 49 0
23 30 0
10 4 0
36 68 0
23 22 0
42 86 1
42 75 1
19 15 0
12 8 0
34 66 0
39 74 0
33 56 0
28 46 0
13 9 0
48 125 2
23 21 0
47 117 2
32 44 0
50 120 2
29 42 0
27 38 0
28 36 0
47 100 1
39 79 1
18 24 0
47 123 4
33 43 0
21 21 0
34 42 0
31 39 0
11 7 0
15 12 0
38 70 1
50 114 2
37 55 0
28 37 0
49 149 2
44 92 0
40 91 1
24 30 0
42 97 1
26 34 0
29 49 0
33 51 0
29 37 0
10 4 0
42 93 0
31 40 0
36 67 0
26 35 0
49 124 2
12 5 0
40 69 1
16 6 0
22 25 0
18 17 0
50 132 2
44 87 1
45 109 1
40 77 0
49 115 7
47 111 2
10 4 0
10 3 0
32 52 0
20 20 0
37 73 1
19 18 0
27 40 0
16 8 0
41 68 1
35 58 0
22 24 0
28 35 0
13 13 0
17 10 0
32 44 0
48 122 5
29 43 0
49 128 1
30 44 0
14 5 0
19 18 0
27 36 0
26 28 0
23 31 0
45 98 1
10 5 0
26 25 0
13 7 0
35 62 0
29 27 0
37 54 0
15 10 0
25 28 0
26 38 0
44 103 1
39 68 1
11 3 0
33 51 0
30 48 0
20 22 0
26 29 0
28 38 0
12 4 0
45 87 1
42 83 1
50 139 18
16 8 0
35 57 1
27 42 0
12 9 0
32 46 0
34 58 1
49 127 4
25 18 0
43 107 5
14 13 0
36 52 5
15 5 0
36 64 1
28 41 0
24 32 0
18 15 0
25 27 0
18 12 0
39 70 1
15 7 0
36 60 1
13 7 0
40 73 1
29 43 0
43 92 1
12 4 0
38 65 1
24 22 0
24 30 0
18 16 0
46 105 2
50 110 1
40 72 0
35 50 0
45 109 1
17 14 0
32 54 0
45 91 1
47 116 5
40 76 1
33 52 0
24 27 0
45 94 1
31 46 0
38 58 1
41 79 1
10 5 0
18 20 0
27 33 0
45 98 1
19 14 0
12 4 0
44 98 1
19 20 0
35 68 1
41 86 1
44 98 2
30 43 0
17 8 0
31 48 0
14 9 0
29 32 0
17 14 0
26 33 0
22 30 0
41 79 1
18 16 0
10 5 0
30 48 0
10 6 0
11 6 0
37 60 1
48 118 2
10 6 0
11 6 0
49 103 2
41 90 2
30 44 0
27 34 0
41 83 1
29 33 0
14 8 0
50 122 2
25 20 0
16 13 0
34 69 2
22 32 0
28 33 0
43 77 1
19 15 0
42 95 1
43 68 0
14 9 0
10 5 0
38 74 2
35 67 0
25 34 0
41 88 2
16 7 0
48 117 2
32 49 0
19 13 0
43 89 2
49 126 3
28 54 0
17 18 0
16 11 0
21 25 0
21 25 0
49 118 1
39 82 2
14 7 0
37 68 1
19 20 0
40 69 1
18 11 0
30 40 0
27 36 0
11 7 0
46 102 2
43 94 2
17 12 0
15 17 0
43 93 1
23 18 0
34 54 1
43 99 10
24 23 0
35 56 1
25 36 0
47 94 1
40 67 1
38 80 2
25 27 0
20 10 0
16 8 0
44 104 2
19 15 0
41 84 1
46 101 1
31 44 1
24 21 0
31 41 0
46 114 2
47 117 2
44 87 2
23 15 0
11 7 0
38 82 2
34 57 1
11 4 0
15 10 0
27 40 1
31 32 0
16 9 0
14 10 0
48 104 2
20 17 0
26 24 0
50 108 2
21 20 0
44 100 3
43 99 3
35 73 1
20 17 0
35 55 1
27 47 1
20 22 0
11 6 0
38 71 1
13 6 0
24 26 0
17 12 0
47 118 4
49 108 2
43 100 2
34 54 0
39 82 2
20 10 0
29 39 0
37 65 1
48 107 3
15 10 0
22 33 0
14 8 0
19 18 0
23 25 0
32 64 1
24 30 0
18 18 0
22 27 0
17 9 0
15 10 0
50 112 1
25 22 0
