24 146 31
33 254 149
46 538 755
25 164 37
21 108 19
38 346 423
17 80 11
48 550 1300
32 236 153
49 587 1284
50 606 1376
29 193 116
22 124 24
36 322 306
24 135 34
27 177 92
30 224 143
39 372 446
39 369 451
27 172 95
37 331 291
23 114 93
47 520 1367
45 525 666
40 397 458
49 597 1235
27 178 88
11 30 0
14 42 5
49 592 1213
28 196 106
14 43 0
31 227 145
34 281 221
26 164 73
49 613 1117
24 147 46
13 38 0
22 118 41
31 240 169
27 156 121
35 295 306
29 201 110
35 292 269
37 340 342
32 261 239
32 243 198
37 338 327
14 32 0
49 566 1379
50 584 1577
36 306 266
38 355 433
44 460 862
36 323 318
50 627 1259
30 200 136
49 617 1075
36 316 290
45 512 773
34 270 237
29 214 113
50 600 1735
47 517 1194
48 556 1118
14 40 0
29 209 120
41 403 662
22 126 52
28 173 141
17 75 22
31 233 152
12 27 0
33 255 179
31 236 138
36 313 336
15 50 1
50 623 1264
45 496 724
26 156 67
23 117 48
34 300 211
20 105 25
10 25 0
46 516 898
50 634 1154
40 394 451
45 515 882
11 25 0
15 50 2
23 130 57
48 565 1236
26 164 68
44 479 657
29 206 130
17 69 7
40 369 547
35 295 267
44 463 804
17 68 14
48 576 1136
18 74 19
23 140 45
42 439 605
39 365 454
33 259 189
41 403 477
24 144 59
31 235 163
46 506 903
36 323 242
31 220 153
35 283 214
43 440 769
43 433 829
25 146 62
40 383 482
41 428 567
28 191 98
21 109 33
39 386 422
38 366 301
24 134 74
26 160 88
26 159 98
19 82 28
15 51 15
28 188 117
42 430 619
45 480 1064
16 60 13
39 351 419
19 84 22
13 37 0
42 410 721
10 25 0
18 77 21
21 100 40
14 46 2
17 75 15
22 126 43
37 333 313
37 331 423
26 153 85
25 144 69
46 526 1126
20 92 29
21 108 34
19 91 27
29 201 126
42 431 803
38 331 518
47 545 1470
38 361 471
10 19 0
46 562 949
10 23 0
22 108 52
35 329 283
14 44 7
31 237 162
13 47 2
47 539 1272
35 302 358
18 82 26
12 41 10
29 201 154
23 135 78
37 338 422
33 256 277
46 513 1272
24 144 77
32 235 210
46 516 1268
25 155 111
10 20 0
10 14 0
31 240 277
43 470 753
45 500 1088
16 58 17
17 68 22
12 30 0
21 109 68
16 56 4
15 59 18
50 598 1927
16 54 2
11 31 0
25 145 95
50 630 1436
33 254 314
16 69 14
24 135 78
19 82 9
48 574 1382
43 435 1047
14 42 7
32 259 216
32 260 246
12 25 0
34 271 237
44 448 1070
21 102 62
39 380 570
18 71 31
14 42 0
48 563 1188
17 68 8
21 109 46
31 225 234
41 422 624
40 391 538
30 207 146
20 97 33
11 29 11
45 490 960
41 383 628
32 247 185
40 358 646
30 225 142
49 608 1208
48 558 1153
29 180 152
27 179 80
41 397 455
21 106 35
12 32 0
39 371 403
45 474 976
17 62 15
38 351 429
16 59 13
11 23 0
34 259 252
44 469 771
19 90 27
15 60 13
15 49 10
24 133 50
25 154 63
23 128 41
44 480 771
13 39 2
48 559 1352
22 113 38
50 637 1532
17 73 15
43 446 689
27 157 122
32 236 207
23 134 48
20 98 31
49 595 1279
49 607 1468
15 56 12
48 561 1615
28 186 105
23 130 48
25 158 64
37 341 304
13 40 7
29 213 125
10 22 0
10 21 0
16 60 15
33 272 206
26 175 82
40 389 630
39 394 383
48 577 1292
42 435 955
12 30 0
43 435 1092
34 298 214
26 156 81
32 233 227
18 80 6
47 553 1167
13 45 3
28 205 108
47 534 1736
14 46 9
10 22 0
18 63 0
33 235 290
41 404 1010
34 282 454
40 353 896
34 292 358
26 159 104
36 311 368
28 217 135
10 19 0
12 37 2
31 228 203
13 48 9
42 428 626
36 334 325
15 47 1
35 306 290
19 90 36
35 299 420
38 360 435
20 106 38
21 85 1
33 268 285
35 303 279
36 340 308
47 534 1457
37 327 423
12 33 5
38 313 506
11 26 0
26 173 106
16 65 28
20 90 9
33 262 250
17 77 14
18 74 23
28 193 103
43 442 777
16 71 5
23 137 61
19 96 21
13 37 1
36 321 311
11 23 0
30 223 164
18 70 5
47 530 1245
20 101 37
45 481 985
46 486 1524
21 94 34
30 235 129
46 509 1304
18 79 18
40 397 692
12 40 1
15 61 12
44 462 871
30 204 160
29 201 148
34 284 242
41 392 631
20 93 33
13 43 8
30 211 144
35 297 303
24 148 63
22 126 44
42 424 657
40 413 466
47 542 1210
20 96 33
28 180 150
38 358 401
43 469 604
46 515 891
11 27 0
19 81 24
23 130 52
44 478 816
15 44 0
33 262 208
19 94 26
14 44 8
24 137 56
41 391 657
22 125 47
37 319 425
39 355 455
27 169 118
37 320 453
16 59 13
42 423 627
43 454 777
25 152 74
28 181 104
19 91 25
25 135 85
39 381 406
22 114 48
47 569 765
30 209 120
27 165 118
34 278 262
41 426 473
13 41 0
45 507 608
22 116 37
49 608 918
42 437 504
11 32 4
32 225 227
38 356 331
30 221 138
43 461 474
12 30 1
18 84 18
11 35 1
50 597 823
20 99 27
44 488 593
44 491 507
42 420 468
27 164 103
27 177 89
25 145 57
