11 45 0
21 162 28
45 791 573
45 785 556
18 132 16
31 379 147
17 105 13
42 679 434
14 77 5
50 957 821
41 659 401
44 757 571
22 186 45
23 197 49
38 541 296
42 691 449
18 123 24
46 845 662
10 37 1
14 75 7
24 217 66
26 259 84
20 155 26
21 163 30
18 129 19
46 820 616
24 226 55
21 185 30
14 65 3
28 292 104
15 83 8
35 487 233
47 874 674
20 144 30
13 66 7
23 201 55
46 856 653
29 332 105
23 197 53
11 46 3
19 137 25
48 881 700
48 900 701
16 102 23
15 90 6
50 977 848
21 159 30
33 429 152
26 267 70
24 224 56
25 227 80
40 635 386
15 86 13
45 785 570
11 43 1
24 227 53
32 419 164
24 221 64
19 144 19
49 934 811
41 659 402
14 70 13
36 491 246
24 216 62
12 58 3
29 326 129
39 601 349
43 723 541
28 303 95
38 573 356
28 304 121
40 628 423
29 317 123
27 286 111
19 134 26
18 127 16
46 825 640
12 55 6
13 60 9
44 755 529
11 49 1
31 385 180
27 276 94
31 371 171
40 618 383
15 86 15
20 148 42
30 350 159
10 38 1
15 82 15
34 460 256
48 925 819
10 40 1
21 175 44
27 277 108
50 990 858
36 495 254
40 623 413
46 829 620
19 132 31
11 43 2
35 488 267
45 770 528
33 421 182
14 70 8
49 956 851
36 483 241
33 422 184
11 47 3
32 389 169
32 404 165
47 845 642
39 589 373
43 721 531
39 575 335
12 52 4
39 599 389
32 392 160
42 685 457
20 141 34
31 363 168
50 973 870
40 628 399
49 921 769
10 39 0
31 368 143
26 258 84
27 287 106
46 830 614
23 210 64
25 237 90
22 175 41
17 101 23
26 262 96
28 306 115
38 558 341
44 774 547
14 68 3
29 320 140
45 747 520
30 346 137
23 211 73
19 134 25
33 440 211
19 142 15
49 945 788
14 65 7
43 748 552
22 188 55
11 48 3
13 63 7
25 241 67
30 341 127
31 374 159
19 141 15
25 246 75
27 270 98
47 873 697
26 269 96
21 165 39
37 522 278
12 51 1
25 241 81
32 400 183
27 289 107
16 87 16
45 783 565
21 179 33
13 65 6
30 366 126
49 920 782
16 99 11
39 586 366
38 563 338
50 989 983
17 110 14
48 902 866
31 351 140
36 507 270
24 220 47
42 677 446
25 238 67
37 525 278
28 308 87
25 257 94
24 228 72
30 351 160
25 240 79
10 33 1
29 317 123
46 818 645
21 165 44
34 446 235
50 980 977
45 797 658
15 79 13
31 370 162
35 492 266
32 404 173
20 145 35
33 411 182
23 188 55
17 112 12
31 368 154
39 597 435
30 341 147
38 576 402
41 671 448
17 106 13
29 337 168
17 109 16
29 318 230
42 691 528
12 54 4
38 565 382
47 852 785
17 108 9
26 267 126
44 750 543
35 472 235
42 688 454
13 61 6
20 153 34
33 406 194
37 546 243
42 672 444
34 451 218
41 651 410
22 185 41
16 95 17
48 904 763
14 73 8
50 977 907
28 300 121
18 126 22
18 118 19
49 927 779
12 50 5
44 767 565
35 477 249
11 44 1
16 107 4
20 154 46
12 54 6
23 200 44
26 255 83
36 511 259
18 111 19
48 883 723
28 295 103
44 739 521
37 554 305
40 618 381
26 265 80
47 874 668
19 140 32
23 204 45
47 867 742
36 488 286
39 602 387
41 641 445
36 519 283
21 156 41
37 529 300
23 203 59
20 151 36
35 470 233
33 429 186
32 386 174
41 655 429
42 676 456
16 95 16
48 892 747
43 732 535
27 275 95
15 92 10
10 34 1
35 471 252
16 99 12
27 285 116
28 302 111
18 126 24
22 182 51
42 683 460
24 219 55
43 725 522
41 647 445
26 264 59
15 85 10
44 748 534
48 887 730
13 62 3
49 942 838
29 313 141
38 565 333
23 215 40
20 143 37
16 94 12
13 60 7
11 45 4
44 771 575
25 241 85
22 183 53
17 111 15
28 289 120
22 181 46
26 268 70
14 77 10
17 103 23
29 322 140
44 747 562
28 301 118
34 447 223
24 224 73
10 35 1
20 147 20
34 441 210
40 626 416
39 588 349
36 494 272
49 929 819
34 461 215
38 554 311
32 392 166
19 139 34
41 640 461
39 589 367
48 932 798
47 854 689
34 461 231
35 465 235
43 722 520
15 78 14
17 109 16
31 365 152
50 998 943
38 570 358
37 527 314
22 181 42
46 814 646
45 806 622
12 57 4
36 514 276
43 723 524
43 715 496
38 579 367
32 393 185
16 97 14
10 34 1
42 679 445
37 530 302
49 943 771
50 982 817
21 159 31
43 722 489
46 823 652
44 804 632
39 602 378
30 339 132
40 607 413
18 122 24
45 786 560
12 52 5
37 538 301
47 873 680
35 488 258
45 782 557
50 989 865
37 519 285
22 191 54
34 464 246
46 841 580
30 339 146
25 250 66
13 65 7
33 425 215
16 101 15
19 130 32
10 36 1
27 284 103
30 367 101
37 526 312
47 855 572
13 62 2
43 708 461
11 36 1
33 426 192
35 481 240
29 323 124
36 508 312
12 53 8
47 866 517
14 70 13
13 60 8
34 449 235
41 649 385
10 32 1
27 285 61
41 669 353
18 127 22
30 368 163
34 455 228
15 83 9
33 413 199
49 944 412
32 387 173
40 632 239
22 194 34
48 913 331
40 636 233
