24 205 44
41 594 390
26 230 52
11 35 2
44 652 497
21 155 27
10 30 0
46 725 555
20 130 24
29 294 139
18 109 18
48 782 668
41 583 384
43 637 450
28 274 108
43 636 452
46 725 591
29 255 108
36 442 250
47 771 642
50 836 788
36 454 261
40 512 356
45 693 513
48 774 648
35 427 235
11 40 1
35 418 227
29 277 133
37 457 241
31 325 132
34 406 187
25 210 69
37 473 280
17 101 16
28 254 98
38 513 292
47 754 697
17 91 20
18 118 18
25 213 72
19 118 29
32 346 157
20 133 24
10 30 1
33 370 173
26 221 64
31 312 133
46 717 574
15 71 11
17 99 23
36 438 227
27 243 87
46 716 594
32 353 171
10 23 0
27 239 78
45 673 534
42 588 482
22 169 48
36 446 269
16 83 16
17 95 19
39 508 356
13 47 0
39 505 380
16 81 14
25 205 77
37 470 367
35 415 299
17 106 25
30 311 206
39 537 375
11 43 3
44 683 548
50 867 846
20 137 43
34 403 200
40 554 364
11 39 5
33 384 181
30 312 131
45 679 509
32 353 157
20 129 34
16 82 14
28 259 111
12 36 5
44 674 452
18 110 22
21 153 45
10 30 3
10 32 1
22 165 43
15 79 11
24 187 59
38 481 289
14 67 9
28 265 98
12 45 6
48 787 668
38 479 278
11 37 2
15 80 11
40 542 316
10 30 4
47 769 595
14 63 11
39 527 323
37 478 266
44 679 463
32 333 151
19 120 32
32 350 145
12 48 5
47 740 568
13 60 5
30 299 123
44 662 487
13 48 6
39 532 306
47 710 571
50 839 769
22 157 41
21 143 33
46 730 548
33 348 165
20 129 32
22 168 50
21 153 47
19 114 28
18 117 24
28 290 93
37 458 256
12 49 5
23 194 51
49 804 714
22 164 45
20 128 31
19 125 26
31 328 133
23 182 44
49 821 719
26 229 80
34 368 180
31 315 140
14 66 9
13 52 5
50 883 747
50 869 724
30 307 128
19 111 27
32 338 145
39 523 298
17 95 18
49 829 692
37 466 241
39 512 301
10 26 0
35 424 229
25 200 61
10 26 0
16 81 14
28 260 90
15 63 2
46 717 559
47 762 589
24 182 53
21 151 36
24 192 56
25 210 67
10 30 4
47 747 581
14 58 8
43 641 425
35 424 211
26 238 75
42 599 379
36 469 232
12 43 2
41 588 339
42 613 400
41 553 356
34 377 179
20 135 31
14 64 8
28 277 93
44 664 458
33 374 170
45 696 502
48 787 631
38 485 266
27 245 91
50 882 732
11 34 4
23 182 49
11 36 1
23 174 52
44 655 464
19 117 27
27 248 90
41 592 363
41 548 351
38 494 255
49 817 704
30 293 111
39 507 308
44 657 445
26 230 78
30 302 124
39 504 315
21 144 36
18 97 20
16 81 5
38 485 276
27 254 70
37 489 237
45 705 514
32 352 152
45 682 498
12 46 1
29 285 103
43 624 390
45 688 499
36 441 214
26 248 84
42 600 375
49 819 785
40 551 337
16 84 14
28 263 94
18 101 27
37 456 273
38 505 296
16 83 4
17 99 20
22 171 41
15 70 12
15 78 11
34 402 184
29 290 111
18 106 23
35 424 224
13 53 1
26 243 80
42 589 451
36 430 229
40 560 362
43 644 484
49 842 840
11 45 5
29 286 109
21 148 40
32 359 173
46 760 737
24 184 50
13 58 2
23 183 57
37 457 340
34 395 263
50 828 882
23 176 70
31 338 177
42 613 610
29 286 194
22 165 55
32 360 198
35 415 352
45 699 614
15 69 15
48 804 746
48 825 694
26 241 105
33 373 238
13 51 13
49 816 727
13 56 10
43 641 509
28 263 116
16 82 19
29 283 132
14 63 4
33 376 190
23 187 57
47 762 610
18 110 32
31 318 141
37 474 249
18 108 21
50 831 815
34 371 178
50 872 787
24 192 58
34 400 184
38 496 277
46 688 541
36 454 222
31 331 157
11 42 4
23 179 54
12 47 2
24 184 51
40 546 342
33 362 186
30 311 123
16 78 15
10 33 1
24 199 67
20 131 39
35 422 224
24 199 64
40 556 373
16 86 15
42 589 407
42 599 389
49 838 690
15 72 12
32 363 155
48 804 670
29 279 112
48 813 697
41 603 409
23 166 50
25 200 86
33 370 197
27 238 105
14 63 10
44 677 489
36 458 244
19 114 30
43 603 442
43 625 448
46 727 583
14 57 3
48 776 664
40 542 324
21 137 35
30 298 128
40 561 369
38 506 292
25 208 65
12 46 1
45 688 494
39 521 309
33 373 170
27 240 93
23 182 58
47 749 593
41 585 394
22 157 46
30 277 111
19 109 28
26 231 65
29 268 103
14 60 8
47 769 594
42 595 387
44 634 481
28 273 98
27 231 80
22 159 44
46 708 571
42 598 366
14 63 6
21 155 40
25 207 66
12 44 6
45 710 525
25 212 69
36 443 214
15 74 13
15 69 11
48 799 657
22 166 41
31 325 129
27 246 92
31 327 138
17 101 19
17 80 13
30 329 137
27 262 101
34 389 185
49 786 603
41 561 376
26 220 72
18 118 20
19 119 29
20 132 31
17 88 14
43 615 392
19 126 31
24 194 59
20 128 32
13 53 8
13 61 6
11 37 1
43 616 361
12 54 8
31 320 142
35 420 245
35 418 208
34 409 196
33 380 175
40 545 291
50 859 443
38 472 237
41 571 286
21 142 34
25 194 64
49 840 331
