36 383 258
13 47 0
35 344 237
20 107 17
20 109 17
11 26 0
23 149 32
49 702 905
13 47 1
17 85 9
44 557 637
20 116 25
22 153 48
34 335 196
26 204 72
27 226 90
31 276 177
41 498 464
12 40 6
31 299 155
33 318 191
45 583 592
47 628 744
37 396 294
35 353 252
22 134 42
34 330 243
30 264 139
37 421 289
23 161 60
21 126 44
13 37 12
37 427 287
22 143 56
16 80 18
31 276 150
32 294 157
47 679 674
50 743 1016
25 184 76
24 168 60
33 322 251
11 31 1
20 119 40
40 462 388
43 527 552
12 43 5
33 309 184
16 71 4
12 32 0
37 390 290
50 747 1043
33 301 201
38 417 326
26 197 76
21 136 48
19 118 27
13 46 6
33 290 198
35 380 214
21 132 39
10 23 0
26 195 76
19 109 29
49 699 918
30 238 130
39 422 429
29 248 105
48 669 946
13 52 7
18 95 21
13 48 7
48 689 1032
50 712 1207
30 266 152
16 73 13
38 422 422
30 250 158
28 231 154
44 566 614
47 631 809
22 137 46
48 661 875
26 201 83
17 75 18
21 117 45
23 163 74
41 521 379
49 687 1167
33 319 160
24 165 62
25 165 85
16 69 15
37 414 289
40 468 435
27 202 85
38 427 378
32 286 225
44 554 720
19 95 26
26 200 90
48 690 935
19 124 40
16 81 22
45 621 688
45 592 754
40 485 499
11 30 2
13 50 10
17 75 23
38 420 404
33 296 244
36 373 300
45 613 842
45 566 871
48 674 1024
18 93 33
29 253 158
19 113 32
42 532 546
18 89 32
31 274 177
33 318 223
12 41 8
24 167 83
20 111 41
23 162 63
41 499 506
26 199 92
31 277 255
25 193 70
45 608 693
38 406 357
15 70 18
35 342 298
41 479 443
40 474 405
43 535 597
10 33 4
12 43 9
38 410 322
29 255 129
43 521 594
25 174 82
32 290 182
42 541 443
43 579 478
28 221 94
41 480 527
11 33 1
16 76 11
41 475 474
36 386 282
16 79 19
27 204 99
38 414 356
46 635 675
21 124 38
26 206 82
50 724 1046
14 55 11
25 185 65
23 156 42
34 333 194
30 243 122
49 682 984
46 610 615
14 59 2
47 638 913
39 429 400
35 364 230
47 675 777
27 203 102
28 211 115
17 79 19
47 649 780
19 99 28
32 299 161
17 87 27
48 675 919
13 45 0
40 456 494
32 283 150
46 614 691
28 246 89
33 314 184
16 70 14
35 364 221
14 50 13
30 279 119
38 421 353
23 155 43
42 510 607
15 68 11
39 459 381
50 719 1104
18 90 33
42 515 460
14 60 8
36 385 287
15 57 16
21 138 45
22 127 66
31 265 163
43 545 498
22 138 48
25 187 78
36 390 271
31 276 147
32 298 170
24 160 65
42 510 481
27 215 84
11 34 5
36 401 239
20 110 31
44 548 595
14 54 5
50 738 983
44 574 536
42 499 451
28 210 126
24 169 57
44 583 475
41 501 452
47 644 750
37 404 259
15 64 3
14 50 0
45 599 597
22 135 41
43 548 488
34 351 193
11 38 4
15 69 5
40 454 382
31 282 133
29 252 116
35 359 212
48 686 649
45 579 589
22 138 47
43 528 433
39 466 338
34 324 184
18 98 20
11 37 1
23 146 48
50 738 839
19 107 24
13 43 1
12 42 6
39 435 317
34 324 192
25 170 55
21 129 32
28 235 91
15 68 12
41 467 385
42 519 473
30 260 114
10 28 1
18 93 19
46 646 595
11 33 0
13 51 6
39 450 313
23 150 43
15 62 12
42 506 486
33 321 165
29 238 104
42 513 412
24 170 54
20 126 39
12 44 5
44 565 501
48 677 737
29 243 113
43 560 423
46 616 594
34 338 193
46 624 565
19 100 27
24 168 70
36 391 238
10 26 3
34 329 193
36 399 213
28 220 84
39 445 313
36 374 256
40 469 374
49 727 750
34 317 183
21 113 37
49 710 810
11 35 4
18 87 23
37 396 235
10 23 0
24 159 50
12 44 2
25 178 68
12 47 2
27 217 91
14 59 9
44 549 579
36 385 236
19 99 6
14 54 9
35 371 211
39 452 319
17 94 16
48 657 798
46 609 661
16 66 14
42 512 392
26 194 65
49 700 874
18 90 19
43 534 549
15 60 10
15 55 6
25 183 55
27 202 75
37 400 275
50 708 962
21 121 34
22 142 39
20 109 24
28 224 121
32 291 175
30 264 127
25 173 74
24 179 54
46 599 573
39 455 325
23 157 48
48 684 736
34 326 192
10 32 4
46 611 728
47 644 767
18 103 19
41 486 432
10 28 0
49 698 861
50 734 976
14 60 3
49 694 867
40 476 381
19 104 23
39 416 333
45 597 636
44 563 572
26 190 90
31 288 153
10 27 1
41 500 497
47 623 729
49 706 848
31 277 225
37 400 280
23 166 65
32 271 154
30 274 131
35 365 213
17 82 32
16 70 14
17 79 17
47 648 612
10 28 0
20 121 27
45 621 462
21 116 36
40 460 365
20 110 10
22 140 41
24 162 48
27 206 79
11 29 0
26 197 73
29 238 96
40 452 368
27 209 86
50 732 618
29 246 115
28 226 88
30 267 143
17 83 19
46 625 504
44 565 442
35 376 187
38 427 248
10 22 0
27 224 80
32 311 144
29 238 98
37 420 220
17 79 20
29 242 106
15 67 11
38 404 191
32 295 131
43 542 235
12 36 1
28 219 84
14 50 8
18 89 18
