20 55 2
39 216 1042
10 19 0
44 303 2337
16 35 0
47 336 5998
14 30 0
11 18 0
50 367 11214
15 27 0
22 65 35
17 39 0
28 116 212
42 238 2513
36 192 1328
24 84 0
42 261 2162
30 144 86
15 26 0
23 75 7
33 165 436
10 7 0
16 43 0
40 247 1655
30 150 189
32 155 330
25 86 3
33 159 375
13 24 0
13 23 0
30 138 180
34 171 394
44 269 3976
33 173 321
21 69 1
34 155 731
41 239 1877
39 231 1303
45 295 3642
16 32 0
28 111 33
45 301 3203
23 81 91
14 26 0
37 209 1108
33 164 549
19 53 1
15 40 1
37 210 1010
16 27 1
34 172 627
48 323 7953
30 141 297
39 247 1178
46 310 4077
18 33 0
21 69 10
19 45 0
22 62 33
25 88 73
26 97 117
31 118 164
25 86 41
20 64 27
46 312 4775
23 75 19
20 42 1
41 244 2319
15 27 0
18 59 17
34 172 583
49 339 7856
45 316 3694
45 307 3403
41 236 2599
49 376 6094
32 154 297
13 26 0
25 90 62
34 172 575
21 69 11
40 239 1968
39 243 1583
18 47 0
29 124 160
16 34 0
42 273 2329
12 23 0
15 25 0
23 80 1
14 30 0
21 68 3
29 117 139
14 35 0
18 48 0
12 12 0
27 95 4
45 289 5264
38 206 2008
12 20 0
18 42 1
27 109 111
33 148 488
29 124 187
42 235 3654
22 70 3
10 10 0
45 298 3531
35 179 908
30 133 211
26 103 71
13 17 0
13 21 0
45 314 2746
43 243 5170
33 161 457
35 182 662
47 335 4688
48 347 5273
36 207 879
37 201 919
17 36 1
47 330 4219
30 114 172
31 136 527
20 43 0
10 15 0
40 207 2580
21 66 3
15 28 0
13 26 0
12 12 0
12 15 0
29 122 231
18 39 0
14 21 0
26 106 6
18 43 1
50 375 6847
21 62 0
49 331 6908
16 34 0
43 262 2267
24 85 27
35 170 948
28 119 123
11 25 0
43 270 2759
14 27 0
21 68 35
28 121 110
48 340 5998
46 317 4551
48 337 5354
25 83 1
31 130 138
47 316 6311
44 286 3210
50 352 9070
32 142 359
20 59 0
27 104 9
31 124 5
46 279 6261
24 69 33
26 88 49
35 183 740
36 195 721
16 33 0
45 298 3773
25 85 87
22 71 24
29 122 107
31 128 321
18 49 1
13 21 0
34 159 623
26 101 102
41 236 2277
18 56 10
50 353 8053
16 29 0
37 213 677
20 63 32
13 26 0
15 27 0
37 195 1364
14 25 0
36 201 830
26 99 53
38 199 1468
35 183 656
19 54 1
47 346 5136
35 185 567
32 154 178
27 110 119
49 363 7165
38 236 740
10 12 0
39 242 1194
14 26 0
42 296 1418
22 69 2
44 284 3042
38 209 863
25 94 5
11 12 0
50 355 10202
12 17 0
43 264 3267
47 322 4457
29 123 94
49 371 5233
11 19 0
29 125 175
11 18 0
12 19 0
27 114 118
35 176 518
42 255 2303
39 187 299
22 74 28
23 90 61
46 307 4806
45 298 5672
23 79 1
45 262 6782
44 296 2368
42 236 3599
17 42 0
46 320 3988
36 189 629
41 267 1846
13 24 0
24 76 20
41 247 1803
15 35 0
13 22 0
42 254 2198
11 15 0
16 38 0
27 103 2
17 47 0
40 227 1513
28 106 134
27 98 106
37 200 922
20 52 2
41 257 2132
14 32 0
24 77 1
43 282 3072
34 158 652
50 360 14020
23 66 3
38 222 1123
32 152 312
11 20 0
11 18 0
30 133 98
17 49 2
20 51 0
19 43 1
12 20 0
33 138 587
40 233 1204
38 206 1168
22 62 18
35 187 842
10 17 0
15 34 0
43 261 3438
24 86 36
40 248 1257
48 362 5619
38 219 1624
12 18 0
33 171 172
19 53 0
48 355 8457
28 99 13
29 102 2
41 240 3183
44 262 4589
47 325 6001
35 181 626
19 55 1
27 101 1
30 126 356
37 195 1333
26 93 44
36 174 1470
29 125 174
46 331 3996
37 202 1114
39 208 241
33 169 414
10 13 0
50 368 8128
32 148 410
21 65 2
22 78 51
17 33 0
25 87 103
19 46 0
22 59 0
48 319 9761
11 14 0
50 383 7944
31 144 239
26 102 14
37 213 802
40 261 1430
43 269 4132
18 40 0
49 389 5177
24 85 0
21 64 2
10 7 0
27 101 1
43 252 3970
46 318 5029
40 243 1112
31 154 181
47 358 2582
41 249 1751
46 325 3966
40 245 1301
41 241 1545
50 362 8510
32 154 139
20 48 0
40 202 2686
49 357 8848
24 88 75
15 34 0
23 71 1
46 323 2538
44 298 2297
36 183 655
16 34 0
31 143 339
17 51 1
30 121 87
49 380 4878
24 79 3
33 125 155
29 131 231
39 237 1220
32 143 415
28 114 82
19 39 1
34 157 1037
10 12 0
32 142 232
43 260 3993
38 217 1165
28 110 229
36 191 938
17 40 0
31 141 259
20 68 12
49 371 6780
22 73 1
26 102 107
48 349 6371
50 392 4947
10 18 0
35 189 528
25 82 85
38 189 2028
19 51 6
44 283 5119
17 49 0
44 271 4354
39 191 3069
11 16 0
34 177 460
25 88 73
49 322 6382
28 103 1
36 181 950
48 321 5365
47 312 5117
48 346 5226
26 91 14
37 198 1315
43 253 4182
12 20 0
14 33 0
23 71 0
19 55 1
32 137 4
47 303 5190
31 121 161
23 66 1
17 42 0
24 74 4
30 120 257
28 99 50
42 250 2267
34 198 407
39 226 1422
42 250 1858
27 92 99
38 234 1195
21 58 1
36 179 849
44 286 1406
