50 1088 1244
40 695 513
15 92 6
26 277 67
46 928 827
27 314 77
15 93 2
10 39 0
37 591 338
19 161 4
22 207 20
48 1000 946
39 653 446
28 344 68
20 175 17
35 539 224
22 206 55
20 163 27
37 601 198
11 53 1
23 221 53
14 80 5
13 70 5
17 125 12
33 472 162
21 196 12
49 1077 781
20 160 24
29 351 175
17 121 13
37 600 218
17 122 8
22 207 23
19 157 11
45 878 728
38 625 254
21 189 24
29 367 133
48 1021 942
24 253 39
34 501 234
36 560 271
22 212 28
16 109 9
41 731 511
29 364 90
20 173 15
34 505 316
18 137 17
15 94 8
47 967 923
35 533 291
19 161 6
16 103 11
50 1096 1131
12 60 2
45 894 870
27 319 77
17 127 13
10 43 1
11 47 1
31 404 151
45 889 676
22 208 47
20 170 19
15 91 14
17 122 12
44 838 873
30 405 124
37 603 332
31 428 174
32 449 216
36 576 270
43 819 586
34 515 149
32 446 187
26 295 89
30 391 164
27 324 93
22 214 29
28 355 121
35 540 376
46 945 916
28 342 93
19 158 19
23 236 42
25 274 63
43 819 453
21 194 44
24 250 55
39 671 395
19 149 22
48 1008 1112
28 353 55
45 902 671
21 193 34
16 105 12
29 372 118
26 296 78
41 738 665
35 535 234
37 607 273
42 775 583
37 592 257
22 213 21
14 77 8
46 944 692
32 443 146
42 764 630
44 850 595
18 129 28
44 834 932
35 524 397
20 177 12
18 138 14
49 1039 1115
28 344 92
14 89 3
14 82 9
33 473 196
36 568 387
29 374 121
25 267 178
12 60 16
11 52 1
31 415 241
13 70 2
36 571 368
33 475 192
23 227 74
28 343 169
44 851 677
32 458 168
29 364 147
42 783 452
41 738 490
12 58 14
33 477 281
46 943 758
50 1106 1140
37 609 277
39 651 450
24 250 60
22 213 37
44 844 882
49 1061 1061
47 969 1005
15 95 9
13 72 8
35 539 263
10 41 1
36 569 372
25 278 47
38 629 428
25 279 35
47 958 745
27 322 57
46 945 782
26 290 101
15 95 8
32 453 116
15 91 13
23 228 56
31 416 136
39 652 428
50 1108 1032
45 876 740
28 335 150
32 448 188
47 959 892
30 388 109
28 345 69
21 185 26
20 161 37
32 460 112
17 126 8
14 81 11
18 143 7
44 833 605
29 365 131
40 703 373
49 1064 1196
11 51 4
33 474 151
23 231 42
40 698 402
13 73 4
49 1061 1317
24 253 48
23 222 42
35 526 204
15 96 5
44 835 790
10 39 1
26 292 107
10 42 1
43 823 359
13 75 1
18 143 11
14 83 6
47 974 866
10 41 1
28 335 108
20 169 18
27 318 99
42 788 506
48 1012 1055
17 123 13
29 357 145
10 39 3
27 316 87
25 265 61
34 509 215
42 755 556
38 625 479
26 290 76
21 186 30
34 511 283
47 979 896
30 385 151
16 110 18
37 602 279
34 511 353
41 752 525
30 394 224
39 671 490
46 934 763
33 479 177
12 57 2
45 887 668
31 417 100
38 621 446
41 739 525
17 120 47
14 80 10
47 979 1025
31 422 152
40 704 336
11 45 6
50 1096 1146
48 1020 824
50 1104 1008
36 570 235
48 1004 1022
18 139 15
24 243 49
37 602 271
24 246 53
25 275 44
18 134 13
13 70 4
23 220 50
19 144 24
10 40 1
23 231 37
42 787 534
12 58 1
46 919 880
27 316 57
41 738 514
39 659 489
30 388 110
18 138 11
11 52 3
11 52 1
47 973 745
38 635 581
25 281 33
43 792 666
22 208 21
19 152 14
35 539 451
49 1062 1281
36 553 305
30 389 151
30 385 124
21 184 35
44 848 528
34 518 211
30 393 136
24 245 42
43 821 427
15 95 8
31 416 110
41 738 544
38 633 361
33 487 110
10 41 1
24 249 51
27 323 60
25 274 63
38 626 291
43 816 566
16 112 8
21 182 21
32 445 173
43 815 512
13 68 5
26 290 43
26 291 64
49 1054 901
14 77 10
41 749 558
25 270 55
47 963 809
25 270 54
43 807 559
20 171 21
15 94 6
49 1048 995
35 550 199
49 1047 1002
42 777 569
11 53 1
18 141 14
20 178 11
28 337 88
24 247 63
40 714 411
43 823 568
39 668 417
27 313 30
48 1003 946
26 290 75
46 934 701
16 108 6
31 417 114
44 863 607
46 938 595
23 236 31
19 152 11
16 113 15
50 1100 980
41 756 337
50 1102 902
40 703 332
34 518 193
17 120 10
29 361 89
12 60 1
18 139 4
41 730 416
39 675 229
50 1106 993
11 50 1
31 418 114
12 55 1
36 577 263
45 891 659
22 210 24
24 245 41
38 639 324
48 1010 825
40 700 463
39 666 353
29 370 84
45 899 748
47 980 861
42 784 487
10 39 1
42 785 639
40 700 401
33 475 198
44 849 595
48 1021 719
38 615 301
26 291 60
12 63 1
43 826 502
31 420 204
14 85 2
23 231 42
49 1067 761
16 114 9
19 157 40
16 103 6
40 697 489
45 894 509
13 71 5
19 153 14
21 191 34
12 58 1
27 317 90
14 74 3
40 718 381
30 396 123
17 117 16
37 603 184
13 74 2
38 634 327
16 109 9
33 484 101
21 190 29
42 771 490
35 530 282
13 70 4
32 445 100
46 941 490
45 892 505
50 1119 559
34 510 210
33 467 149
34 501 173
39 669 281
12 60 1
36 567 206
11 50 1
48 1001 366
32 436 162
36 549 205
