29 31 0
22 9 0
23 14 0
10 4 0
50 49 0
25 20 0
35 26 0
23 17 0
29 24 0
44 54 1
26 18 0
18 7 0
29 19 0
13 0 0
33 33 0
48 58 0
48 56 0
46 46 0
38 35 0
39 30 0
28 18 0
47 57 0
39 29 0
26 18 0
27 15 0
34 35 0
35 20 0
20 11 0
27 19 0
12 5 0
31 22 0
28 26 0
46 54 0
20 7 0
27 16 0
23 11 0
23 6 0
10 1 0
37 32 0
38 45 0
46 48 0
20 10 0
33 31 0
11 2 0
32 27 0
27 15 0
50 74 1
29 18 0
41 42 0
17 8 0
11 3 0
21 14 0
48 50 1
31 22 0
33 26 0
30 19 0
49 48 0
25 18 0
10 2 0
10 3 0
33 37 0
44 52 1
13 4 0
11 7 0
34 30 0
25 13 0
23 14 0
31 26 0
43 47 0
13 3 0
37 37 1
20 11 0
49 66 0
17 6 0
17 5 0
37 32 0
45 46 0
49 53 0
45 47 0
16 4 0
12 4 0
39 35 0
43 54 0
43 31 0
50 65 0
45 40 0
22 15 0
40 45 0
26 17 0
30 20 0
29 21 0
47 48 0
14 3 0
25 13 0
12 6 0
24 20 0
12 6 0
13 2 0
50 51 0
29 18 0
28 14 0
15 3 0
42 40 0
37 29 0
14 4 0
20 11 0
12 4 0
34 16 0
11 1 0
23 15 0
21 9 0
30 26 0
29 26 0
43 45 0
42 53 0
40 37 0
45 52 0
15 1 0
20 11 0
17 8 0
36 32 0
10 4 0
31 23 0
26 8 0
42 50 1
30 21 0
18 6 0
40 36 0
19 8 0
42 46 0
21 10 0
33 26 0
42 37 0
49 64 1
44 43 0
22 15 0
21 3 0
42 38 0
45 43 0
11 1 0
41 46 0
35 21 0
19 14 0
48 50 0
40 35 0
30 15 0
31 19 0
47 57 0
44 47 0
20 12 0
16 3 0
48 61 0
38 46 1
24 18 0
27 12 0
36 40 0
39 41 0
38 40 1
32 24 0
37 33 0
42 39 0
48 59 1
50 66 0
30 20 0
36 37 0
35 35 0
44 43 0
22 16 0
32 33 0
34 26 0
43 36 0
19 12 0
16 7 0
46 50 0
16 6 0
29 19 0
28 16 0
14 5 0
45 43 0
15 9 0
31 18 0
30 25 0
12 3 0
17 4 0
36 31 0
36 40 0
35 27 0
47 45 0
26 18 0
27 21 0
27 16 0
24 17 0
49 59 1
38 45 0
22 9 0
13 4 0
26 17 0
28 17 0
50 57 0
13 5 0
30 20 0
48 59 0
29 20 0
49 58 0
15 4 0
23 12 0
34 45 0
33 24 0
29 17 0
20 8 0
42 44 0
18 6 0
39 30 0
39 35 0
21 7 0
45 44 0
16 7 0
32 17 0
38 35 0
44 50 0
44 49 0
32 31 0
43 34 0
24 15 0
27 23 0
47 43 0
26 21 0
46 53 0
25 10 0
22 6 0
11 2 0
21 12 0
39 41 0
17 6 0
12 5 0
40 43 0
37 28 0
10 2 0
50 62 0
19 8 0
32 26 0
32 24 0
47 59 0
28 12 0
13 5 0
41 48 0
32 23 0
35 30 0
50 48 0
26 15 0
18 6 0
39 41 0
25 13 0
19 8 0
36 31 0
49 57 0
35 22 0
16 3 0
35 31 0
46 44 0
14 3 0
34 28 0
50 65 1
43 53 0
21 10 0
25 10 0
39 45 0
16 7 0
11 4 0
14 5 0
37 25 0
33 26 0
24 16 0
14 0 0
31 20 0
22 8 0
36 38 0
21 13 0
46 54 1
12 3 0
45 38 0
14 4 0
17 4 0
27 18 0
24 16 0
18 12 0
22 10 0
10 3 0
24 8 0
41 35 0
24 17 0
18 12 0
26 9 0
41 42 0
40 26 0
38 35 0
15 10 0
44 53 0
23 11 0
11 2 0
34 44 0
20 9 0
28 17 0
41 48 0
19 10 0
13 6 0
12 5 0
21 15 0
50 63 1
46 56 0
16 4 0
14 6 0
35 21 0
41 50 1
46 47 0
25 15 0
36 31 0
30 15 0
28 21 0
24 10 0
25 24 0
11 3 0
22 9 0
13 4 0
15 5 0
10 3 0
23 25 0
48 60 0
17 6 0
41 39 0
49 64 0
31 17 0
44 43 0
37 36 0
35 24 0
13 3 0
31 25 0
48 58 0
33 36 0
43 43 0
40 39 0
47 49 0
46 48 0
47 50 1
23 14 0
49 60 1
17 4 0
36 34 0
15 4 0
28 20 0
20 7 0
19 9 0
38 35 0
24 19 0
18 9 0
42 35 0
40 42 0
38 32 0
42 52 0
32 19 0
14 7 0
27 16 0
16 8 0
38 34 0
22 15 0
48 70 0
33 27 0
47 45 0
39 37 0
16 10 0
31 19 0
25 15 0
40 36 0
36 37 0
34 35 0
14 3 0
10 1 0
12 4 0
49 61 0
19 9 0
41 39 0
34 26 0
28 15 0
33 23 0
15 2 0
26 13 0
43 50 0
40 36 0
44 44 0
45 57 0
32 31 0
41 52 0
15 7 0
37 21 0
37 23 0
10 0 0
21 12 0
43 51 0
18 12 0
11 1 0
18 9 0
47 56 1
34 31 0
15 5 0
18 11 0
19 6 0
45 42 0
17 12 0
19 12 0
30 19 0
