45 182 21423
19 31 0
14 22 0
45 221 18809
14 17 0
17 29 0
13 16 0
42 179 3828
30 81 1
47 229 6261
13 18 0
17 30 0
44 175 518
46 199 3205
20 39 3
20 42 0
19 36 0
11 9 0
42 193 7216
35 113 2
43 188 11425
44 200 12412
50 245 32797
34 119 8
32 98 891
38 161 2528
39 145 5028
16 21 0
29 70 2
32 111 1066
22 39 0
49 232 19461
21 45 0
10 13 0
35 147 894
10 10 0
28 72 1
49 247 45255
29 89 3
48 230 19931
17 31 0
23 45 1
31 109 8
40 163 2328
40 182 868
24 51 1
19 36 1
20 35 0
36 115 10
47 206 2326
18 36 0
15 21 0
43 180 14956
29 70 1
21 51 1
31 99 3
20 38 0
17 30 0
36 118 6
11 20 0
47 216 34646
48 211 2751
49 237 58417
38 132 9
12 15 0
46 227 20605
13 18 0
31 103 11
36 106 5
36 111 17
27 80 230
46 197 42717
39 134 604
48 252 9938
49 243 47903
27 62 1
43 192 8943
37 134 907
31 81 5
30 86 5
18 21 0
26 50 1
12 16 0
50 227 57912
35 125 2228
21 44 1
22 40 0
33 105 5
18 38 0
43 203 11532
25 70 1
16 25 0
36 128 175
27 67 3
46 210 27422
34 115 354
28 94 11
33 100 1
39 154 797
23 50 0
11 8 0
33 107 1
30 89 20
26 67 1
40 164 534
28 72 45
26 67 1
48 211 41091
41 156 1589
39 138 14
47 235 19449
15 15 0
44 203 8940
25 57 0
10 5 0
36 128 34
17 30 0
39 164 4497
35 119 4
40 187 2795
20 30 0
33 99 1
11 15 0
38 149 2820
42 162 2148
15 23 0
30 78 1
28 78 1
22 38 1
22 41 1
49 243 11190
45 197 11753
39 156 724
10 8 0
48 229 19283
32 110 188
34 112 4
47 223 29440
19 32 0
24 71 1
41 163 2889
15 16 0
20 26 0
16 16 0
15 20 0
27 69 1
11 9 0
19 31 0
33 108 5
50 239 42354
11 9 0
18 33 0
23 60 1
33 102 4
16 24 0
49 238 28079
31 85 4
35 117 912
45 187 36572
48 244 28029
30 87 1
28 72 1
28 85 34
24 44 0
36 133 2
27 58 1
16 31 0
43 184 1925
24 65 2
24 49 0
23 65 2
40 162 4001
46 204 10395
44 200 13330
25 60 1
12 14 0
45 180 14814
10 12 0
16 27 0
19 33 0
35 123 4
28 79 1
27 63 0
44 201 9469
15 22 0
10 13 0
42 178 674
34 125 187
19 37 0
14 25 0
10 5 0
24 49 0
26 57 0
23 55 0
38 134 4569
20 43 0
11 6 0
41 150 102
43 193 10560
26 70 1
43 178 7712
12 10 0
31 92 1
46 204 12950
26 83 6
14 20 0
44 193 10203
30 88 1
34 111 76
49 250 31221
50 247 18405
33 117 1
19 34 0
48 222 21389
49 214 20649
27 73 4
14 16 0
50 269 41912
42 158 11878
23 45 0
21 39 0
31 89 3
13 20 0
21 43 1
23 39 0
25 66 1
14 14 0
47 225 12446
49 234 27367
19 42 1
26 68 2
13 11 0
45 192 10714
42 171 13
44 196 9019
46 205 8393
10 5 0
17 24 0
44 193 3758
32 94 2
12 11 0
49 232 19721
27 77 2
37 126 1
25 58 1
24 56 1
29 76 1
44 172 1109
38 133 166
32 91 30
18 33 0
34 103 6
42 169 9765
36 110 3
16 18 0
18 37 0
12 14 0
34 109 39
26 72 1
25 53 1
22 42 0
18 29 0
12 17 0
33 99 3
22 54 1
20 46 0
43 184 20
29 82 5
24 40 0
15 26 0
45 183 3489
16 27 0
30 84 6
37 152 2980
50 259 45666
41 156 1077
27 59 2
37 116 15
30 85 1
48 241 8047
40 154 5021
45 210 8932
42 163 8524
29 81 3
50 258 40142
17 23 0
37 126 15
47 203 231
35 134 304
39 156 4789
46 197 1568
11 13 0
41 151 9213
44 199 20510
14 15 0
38 125 22
22 54 1
50 250 32178
50 229 18900
23 48 1
17 32 0
28 82 173
29 95 1
10 12 0
16 22 0
41 162 6075
41 172 3136
37 135 2464
47 223 15840
39 151 88
30 70 1
10 13 0
14 21 0
32 109 124
13 14 0
32 94 5
34 112 1716
33 87 2
46 205 11263
41 166 2685
25 61 0
13 15 0
29 80 5
35 129 1826
39 133 5758
13 22 0
25 54 1
22 52 1
39 126 2851
21 48 0
37 141 999
19 42 0
21 39 0
41 160 1205
11 8 0
14 15 0
16 23 0
37 144 789
28 82 1
15 23 0
28 74 1
34 95 2
31 90 54
37 136 11
45 195 9471
26 58 1
11 15 0
48 245 16761
40 155 2789
35 116 76
13 19 0
12 12 0
26 58 1
45 216 9414
47 215 7550
15 24 0
38 125 3
18 27 0
48 239 18050
20 35 0
18 23 0
24 63 1
47 210 9320
23 51 1
13 19 0
31 102 230
12 15 0
22 59 2
41 159 15
29 65 2
38 133 9
25 55 1
21 46 0
32 89 2
42 186 9247
17 34 0
40 160 3284
30 90 111
34 121 568
21 41 0
17 37 0
22 50 1
38 141 15
43 173 12004
25 55 1
23 53 0
35 111 7
33 105 85
46 199 17721
20 32 0
27 59 1
42 204 4787
36 127 5
15 16 0
12 11 0
24 72 9
43 177 3120
36 123 5
38 157 3726
32 101 3
14 21 0
32 115 168
21 45 0
40 144 17
31 89 2
40 173 482
29 92 1
37 125 37
18 23 0
