50 1088 37
40 695 12
15 92 3
26 277 2
46 928 6
27 314 4
15 93 2
10 39 1
37 591 8
19 161 2
22 207 3
48 1000 23
39 653 12
28 344 2
20 175 3
35 539 3
22 206 6
20 163 3
37 601 4
11 53 2
23 221 2
14 80 2
13 70 2
17 125 2
33 472 12
21 196 3
49 1077 19
20 160 3
29 351 3
17 121 2
37 600 5
17 122 2
22 207 2
19 157 8
45 878 11
38 625 4
21 189 3
29 367 6
48 1021 9
24 253 5
34 501 7
36 560 11
22 212 7
16 109 3
41 731 7
29 364 5
20 173 4
34 505 13
18 137 4
15 94 4
47 967 43
35 533 7
19 161 3
16 103 2
50 1096 63
12 60 2
45 894 9
27 319 3
17 127 4
10 43 4
11 47 2
31 404 8
45 889 48
22 208 2
20 170 2
15 91 2
17 122 3
44 838 62
30 405 11
37 603 4
31 428 3
32 449 5
36 576 6
43 819 10
34 515 3
32 446 4
26 295 3
30 391 3
27 324 3
22 214 3
28 355 4
35 540 6
46 945 7
28 342 4
19 158 3
23 236 4
25 274 6
43 819 11
21 194 3
24 250 4
39 671 6
19 149 6
48 1008 29
28 353 3
45 902 30
21 193 2
16 105 9
29 372 3
26 296 3
41 738 28
35 535 5
37 607 4
42 775 14
37 592 6
22 213 2
14 77 4
46 944 31
32 443 6
42 764 11
44 850 38
18 129 4
44 834 8
35 524 16
20 177 2
18 138 3
49 1039 33
28 344 3
14 89 2
14 82 2
33 473 9
36 568 8
29 374 5
25 267 2
12 60 2
11 52 2
31 415 4
13 70 2
36 571 3
33 475 6
23 227 2
28 343 5
44 851 9
32 458 5
29 364 5
42 783 5
41 738 17
12 58 2
33 477 4
46 943 8
50 1106 17
37 609 4
39 651 5
24 250 3
22 213 3
44 844 8
49 1061 17
47 969 17
15 95 3
13 72 4
35 539 4
10 41 2
36 569 5
25 278 3
38 629 9
25 279 2
47 958 19
27 322 4
46 945 18
26 290 3
15 95 2
32 453 5
15 91 2
23 228 4
31 416 4
39 652 11
50 1108 65
45 876 33
28 335 3
32 448 3
47 959 12
30 388 6
28 345 4
21 185 3
20 161 3
32 460 4
17 126 4
14 81 2
18 143 2
44 833 25
29 365 4
40 703 12
49 1064 59
11 51 2
33 474 6
23 231 4
40 698 10
13 73 3
49 1061 44
24 253 10
23 222 3
35 526 4
15 96 2
44 835 10
10 39 2
26 292 8
10 42 2
43 823 9
13 75 8
18 143 2
14 83 4
47 974 27
10 41 2
28 335 4
20 169 4
27 318 4
42 788 8
48 1012 28
17 123 2
29 357 4
10 39 4
27 316 4
25 265 3
34 509 4
42 755 28
38 625 8
26 290 4
21 186 3
34 511 3
47 979 34
30 385 4
16 110 3
37 602 4
34 511 6
41 752 4
30 394 3
39 671 13
46 934 11
33 479 5
12 57 2
45 887 35
31 417 6
38 621 5
41 739 10
17 120 2
14 80 4
47 979 27
31 422 3
40 704 8
11 45 3
50 1096 70
48 1020 7
50 1104 9
36 570 4
48 1004 24
18 139 2
24 243 3
37 602 8
24 246 4
25 275 3
18 134 3
13 70 2
23 220 3
19 144 3
10 40 2
23 231 3
42 787 4
12 58 2
46 919 62
27 316 9
41 738 7
39 659 40
30 388 5
18 138 2
11 52 29
11 52 3
47 973 23
38 635 13
25 281 2
43 792 40
22 208 3
19 152 3
35 539 12
49 1062 13
36 553 8
30 389 4
30 385 7
21 184 3
44 848 9
34 518 6
30 393 10
24 245 3
43 821 13
15 95 2
31 416 3
41 738 8
38 633 7
33 487 3
10 41 2
24 249 3
27 323 3
25 274 3
38 626 6
43 816 30
16 112 2
21 182 2
32 445 4
43 815 14
13 68 2
26 290 4
26 291 4
49 1054 27
14 77 2
41 749 5
25 270 3
47 963 30
25 270 3
43 807 19
20 171 4
15 94 2
49 1048 92
35 550 3
49 1047 27
42 777 9
11 53 2
18 141 3
20 178 2
28 337 3
24 247 2
40 714 8
43 823 15
39 668 5
27 313 4
48 1003 35
26 290 8
46 934 46
16 108 2
31 417 11
44 863 40
46 938 21
23 236 4
19 152 3
16 113 2
50 1100 29
41 756 6
50 1102 77
40 703 16
34 518 4
17 120 3
29 361 5
12 60 2
18 139 2
41 730 9
39 675 8
50 1106 34
11 50 2
31 418 3
12 55 2
36 577 12
45 891 9
22 210 2
24 245 3
38 639 8
48 1010 18
40 700 6
39 666 20
29 370 3
45 899 11
47 980 17
42 784 27
10 39 6
42 785 11
40 700 7
33 475 4
44 849 14
48 1021 6
38 615 4
26 291 8
12 63 2
43 826 10
31 420 3
14 85 2
23 231 3
49 1067 29
16 114 2
19 157 4
16 103 3
40 697 10
45 894 11
13 71 2
19 153 3
21 191 4
12 58 3
27 317 2
14 74 2
40 718 6
30 396 4
17 117 3
37 603 5
13 74 2
38 634 7
16 109 2
33 484 5
21 190 3
42 771 29
35 530 4
13 70 2
32 445 4
46 941 34
45 892 9
50 1119 33
34 510 4
33 467 12
34 501 6
39 669 8
12 60 2
36 567 5
11 50 1
48 1001 16
32 436 4
36 549 2
