24 146 12
33 254 23
46 538 93
25 164 5
21 108 3
38 346 120
17 80 2
48 550 190
32 236 83
49 587 157
50 606 178
29 193 21
22 124 5
36 322 79
24 135 3
27 177 13
30 224 31
39 372 56
39 369 73
27 172 21
37 331 69
23 114 3
47 520 87
45 525 107
40 397 71
49 597 131
27 178 13
11 30 2
14 42 4
49 592 169
28 196 18
14 43 3
31 227 36
34 281 45
26 164 9
49 613 173
24 147 4
13 38 7
22 118 3
31 240 23
27 156 21
35 295 37
29 201 30
35 292 59
37 340 49
32 261 36
32 243 19
37 338 68
14 32 4
49 566 177
50 584 162
36 306 38
38 355 48
44 460 77
36 323 42
50 627 115
30 200 27
49 617 167
36 316 65
45 512 150
34 270 34
29 214 16
50 600 196
47 517 155
48 556 116
14 40 2
29 209 31
41 403 99
22 126 4
28 173 33
17 75 3
31 233 24
12 27 2
33 255 34
31 236 24
36 313 49
15 50 3
50 623 135
45 496 174
26 156 11
23 117 20
34 300 29
20 105 14
10 25 3
46 516 145
50 634 221
40 394 72
45 515 118
11 25 7
15 50 2
23 130 9
48 565 158
26 164 20
44 479 144
29 206 29
17 69 3
40 369 119
35 295 69
44 463 116
17 68 2
48 576 119
18 74 3
23 140 4
42 439 150
39 365 144
33 259 26
41 403 165
24 144 5
31 235 35
46 506 172
36 323 58
31 220 23
35 283 74
43 440 134
43 433 89
25 146 13
40 383 124
41 428 83
28 191 13
21 109 4
39 386 57
38 366 92
24 134 3
26 160 26
26 159 8
19 82 3
15 51 3
28 188 34
42 430 98
45 480 87
16 60 8
39 351 99
19 84 19
13 37 2
42 410 102
10 25 2
18 77 4
21 100 3
14 46 3
17 75 3
22 126 11
37 333 41
37 331 69
26 153 10
25 144 15
46 526 179
20 92 5
21 108 3
19 91 3
29 201 24
42 431 171
38 331 80
47 545 179
38 361 74
10 19 5
46 562 171
10 23 2
22 108 3
35 329 76
14 44 2
31 237 20
13 47 2
47 539 193
35 302 41
18 82 9
12 41 6
29 201 35
23 135 4
37 338 53
33 256 32
46 513 122
24 144 11
32 235 27
46 516 84
25 155 18
10 20 2
10 14 2
31 240 20
43 470 119
45 500 95
16 58 8
17 68 2
12 30 3
21 109 6
16 56 2
15 59 4
50 598 125
16 54 3
11 31 5
25 145 18
50 630 274
33 254 40
16 69 3
24 135 16
19 82 3
48 574 173
43 435 98
14 42 2
32 259 27
32 260 52
12 25 2
34 271 43
44 448 122
21 102 4
39 380 79
18 71 5
14 42 6
48 563 190
17 68 3
21 109 5
31 225 23
41 422 76
40 391 62
30 207 9
20 97 6
11 29 3
45 490 135
41 383 93
32 247 23
40 358 55
30 225 38
49 608 187
48 558 141
29 180 10
27 179 12
41 397 80
21 106 8
12 32 2
39 371 71
45 474 105
17 62 3
38 351 54
16 59 2
11 23 1
34 259 24
44 469 72
19 90 3
15 60 6
15 49 3
24 133 13
25 154 12
23 128 4
44 480 84
13 39 1
48 559 206
22 113 15
50 637 121
17 73 3
43 446 97
27 157 20
32 236 35
23 134 5
20 98 4
49 595 178
49 607 193
15 56 2
48 561 160
28 186 18
23 130 19
25 158 17
37 341 90
13 40 4
29 213 48
10 22 2
10 21 2
16 60 5
33 272 35
26 175 7
40 389 163
39 394 74
48 577 139
42 435 168
12 30 2
43 435 87
34 298 88
26 156 11
32 233 24
18 80 4
47 553 92
13 45 3
28 205 24
47 534 161
14 46 6
10 22 2
18 63 7
33 235 36
41 404 136
34 282 43
40 353 58
34 292 46
26 159 4
36 311 50
28 217 11
10 19 2
12 37 2
31 228 23
13 48 1
42 428 103
36 334 72
15 47 1
35 306 51
19 90 3
35 299 59
38 360 86
20 106 6
21 85 2
33 268 37
35 303 64
36 340 99
47 534 152
37 327 67
12 33 1
38 313 62
11 26 2
26 173 9
16 65 4
20 90 2
33 262 43
17 77 2
18 74 3
28 193 23
43 442 118
16 71 3
23 137 2
19 96 4
13 37 2
36 321 56
11 23 6
30 223 23
18 70 6
47 530 117
20 101 4
45 481 97
46 486 109
21 94 3
30 235 36
46 509 98
18 79 8
40 397 113
12 40 12
15 61 6
44 462 110
30 204 23
29 201 22
34 284 40
41 392 81
20 93 3
13 43 4
30 211 22
35 297 64
24 148 4
22 126 4
42 424 146
40 413 49
47 542 110
20 96 5
28 180 11
38 358 105
43 469 111
46 515 137
11 27 1
19 81 7
23 130 6
44 478 179
15 44 2
33 262 36
19 94 4
14 44 3
24 137 8
41 391 72
22 125 14
37 319 101
39 355 99
27 169 17
37 320 51
16 59 5
42 423 87
43 454 119
25 152 5
28 181 12
19 91 3
25 135 11
39 381 71
22 114 3
47 569 154
30 209 26
27 165 14
34 278 34
41 426 87
13 41 2
45 507 85
22 116 11
49 608 165
42 437 93
11 32 2
32 225 50
38 356 104
30 221 26
43 461 70
12 30 4
18 84 4
11 35 3
50 597 114
20 99 4
44 488 67
44 491 63
42 420 49
27 164 14
27 177 8
25 145 11
