4 1 0
25 13 0
17 9 0
8 1 0
1 0 0
28 26 0
15 11 0
29 14 0
13 3 0
9 1 0
28 26 0
20 17 0
19 8 0
20 5 0
23 9 0
4 2 0
22 15 0
6 2 0
16 10 0
22 11 0
11 2 0
25 18 0
23 13 0
15 9 0
25 18 0
26 15 0
1 0 0
20 7 0
15 5 0
8 1 0
30 32 0
5 3 0
22 12 0
12 4 0
8 1 0
16 6 0
22 7 0
6 1 0
17 10 0
3 1 0
1 0 0
20 8 0
8 2 0
21 15 0
1 0 0
17 7 0
29 19 0
1 0 0
26 24 0
1 0 0
10 4 0
22 14 0
21 13 0
5 1 0
16 6 0
17 9 0
24 21 0
15 8 0
17 7 0
26 22 0
11 2 0
25 14 0
20 8 0
21 9 0
4 1 0
10 3 0
23 13 0
17 6 0
29 23 0
11 6 0
27 17 0
24 9 0
5 2 0
12 3 0
12 4 0
23 14 0
19 10 0
6 1 0
1 0 0
10 2 0
29 21 0
19 5 0
5 2 0
8 2 0
28 19 0
24 10 0
15 6 0
23 15 0
28 16 0
22 14 0
25 19 0
5 1 0
16 7 0
10 3 0
7 2 0
12 3 0
11 3 0
6 2 0
5 1 0
11 2 0
28 24 0
10 1 0
27 17 0
1 0 0
19 15 0
2 1 0
17 8 0
7 2 0
23 13 0
1 0 0
20 7 0
24 11 0
27 19 0
21 8 0
9 4 0
16 6 0
7 2 0
20 10 0
8 2 0
24 10 0
4 2 0
1 0 0
16 5 0
30 25 0
27 22 0
28 19 0
15 4 0
19 4 0
25 14 0
1 0 0
25 12 0
13 6 0
14 7 0
14 3 0
26 18 0
20 12 0
1 0 0
18 6 0
23 9 0
28 15 0
27 17 0
11 3 0
23 11 0
26 15 0
20 15 0
11 6 0
29 31 0
22 13 0
1 0 0
13 7 0
16 5 0
22 12 0
21 9 0
24 17 0
6 2 0
6 1 0
17 10 0
16 4 0
16 8 0
28 18 0
24 16 0
16 3 0
18 10 0
10 3 0
28 19 0
16 5 0
5 1 0
7 2 0
13 4 0
29 24 0
1 0 0
14 5 0
13 6 0
11 3 0
15 2 0
30 26 0
21 13 0
26 14 0
12 4 0
8 3 0
16 8 0
25 13 0
1 0 0
10 1 0
11 6 0
23 14 0
12 2 0
28 17 0
18 9 0
7 2 0
6 1 0
26 15 0
9 3 0
19 12 0
17 6 0
8 5 0
30 23 0
5 1 0
7 1 0
13 7 0
