22 101 5
42 319 58
26 120 12
26 113 3
25 121 2
32 197 18
31 201 23
18 56 2
16 54 2
41 326 55
14 32 3
22 108 6
37 263 20
41 327 35
43 340 73
48 443 108
42 339 48
37 276 44
44 363 117
19 74 3
28 140 11
12 23 3
21 79 2
28 140 19
35 223 17
42 349 63
14 37 2
10 19 2
12 25 2
37 280 46
33 197 38
39 278 63
47 454 89
26 133 9
12 34 2
37 245 55
50 455 138
36 257 28
49 505 131
26 134 20
44 361 126
10 14 4
38 293 87
50 490 171
28 156 14
47 454 131
39 299 61
44 381 83
39 307 54
42 334 61
18 64 8
23 107 3
10 21 2
30 168 26
29 152 14
38 295 66
18 60 2
41 357 109
49 498 106
38 256 41
19 66 5
40 311 62
17 46 2
15 46 2
15 50 2
33 206 32
14 34 4
45 415 157
47 436 119
46 439 132
50 495 172
46 436 122
39 323 89
41 355 80
10 22 2
14 38 2
18 56 8
17 52 2
25 137 4
13 30 2
50 479 239
12 35 2
24 109 5
25 110 13
17 61 4
36 245 42
39 307 76
27 116 9
17 52 2
15 46 4
25 134 4
35 234 50
33 215 33
42 333 94
30 162 15
42 342 74
11 20 3
14 33 3
49 499 132
20 78 9
16 50 2
28 134 19
43 348 60
32 200 20
26 123 16
22 102 4
32 192 21
31 190 24
13 34 3
46 430 108
21 88 3
32 212 22
46 408 91
49 466 88
27 153 14
17 49 2
29 160 3
34 238 32
40 313 99
20 76 2
21 89 2
44 376 162
44 355 128
23 105 8
25 113 14
15 39 2
14 48 2
45 415 78
15 30 3
31 188 20
34 223 32
18 63 3
11 18 2
25 141 12
31 186 22
11 21 7
16 50 2
20 70 3
50 522 253
14 31 7
27 152 7
48 456 171
45 394 60
24 117 6
28 147 9
30 162 39
27 135 5
12 27 2
31 172 16
46 432 152
29 168 11
29 160 17
31 179 12
17 57 4
21 82 3
24 111 10
38 294 64
29 172 6
35 240 79
11 18 2
20 71 3
33 214 22
22 98 6
42 370 70
22 105 12
28 157 21
24 117 16
41 333 56
35 224 28
18 53 3
24 110 11
16 52 4
13 31 4
38 283 41
36 236 35
27 143 14
35 238 30
50 489 94
33 223 22
48 469 230
26 121 3
20 74 4
11 20 3
38 282 58
23 100 8
36 249 38
9 17 1
44 347 105
45 412 200
46 417 122
10 18 2
49 488 131
34 229 44
40 300 55
43 364 98
33 238 36
30 161 23
47 411 108
50 509 178
38 291 33
30 175 36
17 57 5
47 452 110
48 484 105
16 48 2
36 264 40
37 264 46
25 116 15
41 323 81
34 221 24
18 56 3
16 50 3
26 143 18
20 71 4
23 112 18
27 138 14
39 294 76
27 149 10
44 345 70
41 319 69
49 440 75
36 262 41
35 261 44
49 460 170
29 174 23
50 499 118
33 216 26
43 344 51
36 250 33
13 32 2
15 35 2
40 320 58
35 236 81
44 371 108
18 64 2
13 29 2
32 196 38
30 174 29
46 401 116
19 76 4
48 432 158
38 277 51
41 320 73
43 346 66
19 70 3
48 476 114
13 22 2
16 46 2
24 107 5
21 87 14
36 258 50
26 134 10
10 22 5
33 223 58
22 92 6
19 69 4
45 382 70
21 91 3
22 85 3
19 68 3
10 14 2
47 448 76
48 385 110
15 48 2
36 231 25
29 155 16
12 26 3
28 161 11
30 172 35
23 109 3
43 365 69
41 307 62
26 137 10
28 156 23
11 20 1
33 205 24
24 113 14
13 30 1
40 304 47
35 248 29
24 118 4
34 249 25
45 385 113
47 457 98
10 23 4
46 416 93
43 358 69
42 363 97
12 28 2
46 406 75
21 75 2
43 391 76
37 271 57
37 269 96
43 361 69
32 188 17
14 38 4
34 205 23
16 40 3
14 39 3
17 48 2
32 212 24
40 337 54
22 103 5
38 277 68
32 189 24
12 29 2
23 100 3
27 137 18
20 67 4
34 204 75
19 71 5
29 172 14
23 108 6
34 216 19
28 156 17
28 151 15
22 91 3
29 157 3
20 81 3
21 78 2
25 120 6
14 37 4
48 424 166
36 233 22
24 112 4
21 77 1
10 15 2
16 40 2
48 418 99
40 303 61
45 397 108
15 44 1
35 234 26
31 198 19
13 44 1
13 35 2
32 215 31
14 36 3
40 311 75
17 57 2
50 500 164
42 364 56
10 24 2
48 457 94
27 148 8
21 76 2
37 286 45
33 222 25
13 33 2
38 255 39
31 208 22
10 22 2
16 47 3
26 117 11
49 480 197
45 413 89
12 30 2
18 57 3
39 288 50
39 263 30
31 200 18
30 169 22
40 334 55
47 430 107
19 69 3
49 478 163
23 98 5
44 363 89
42 345 111
19 56 5
32 203 15
49 497 198
37 271 49
35 229 58
27 131 18
45 401 121
34 212 41
45 408 75
25 138 9
43 364 49
30 182 15
11 21 2
25 105 3
20 73 3
24 115 8
15 40 3
40 327 111
34 220 26
12 27 11
20 86 3
47 407 162
50 521 117
30 174 37
29 170 16
46 445 107
23 99 3
11 17 1
22 88 5
31 192 26
41 348 38
47 419 71
18 67 3
39 315 47
39 314 45
44 383 61
37 279 21
17 56 2
19 71 2
23 101 9
