4 1 0
25 13 2
17 9 2
8 1 0
1 0 0
28 26 108
15 11 1
29 14 27
13 3 0
9 1 0
28 26 243
20 17 16
19 8 0
20 5 0
23 9 1
4 2 0
22 15 19
6 2 0
16 10 1
22 11 3
11 2 0
25 18 24
23 13 3
15 9 1
25 18 23
26 15 117
1 0 0
20 7 1
15 5 0
8 1 0
30 32 363
5 3 0
22 12 2
12 4 0
8 1 0
16 6 0
22 7 0
6 1 0
17 10 3
3 1 0
1 0 0
20 8 1
8 2 0
21 15 9
1 0 0
17 7 0
29 19 30
1 0 0
26 24 44
1 0 0
10 4 0
22 14 14
21 13 10
5 1 0
16 6 1
17 9 0
24 21 40
15 8 1
17 7 0
26 22 47
11 2 0
25 14 4
20 8 1
21 9 1
4 1 0
10 3 0
23 13 5
17 6 0
29 23 196
11 6 0
27 17 9
24 9 3
5 2 0
12 3 0
12 4 0
23 14 14
19 10 1
6 1 0
1 0 0
10 2 0
29 21 141
19 5 0
5 2 0
8 2 0
28 19 161
24 10 5
15 6 0
23 15 22
28 16 52
22 14 13
25 19 36
5 1 0
16 7 0
10 3 0
7 2 0
12 3 0
11 3 0
6 2 0
5 1 0
11 2 0
28 24 406
10 1 0
27 17 19
1 0 0
19 15 4
2 1 0
17 8 1
7 2 0
23 13 4
1 0 0
20 7 1
24 11 3
27 19 71
21 8 1
9 4 0
16 6 0
7 2 0
20 10 2
8 2 0
24 10 5
4 2 0
1 0 0
16 5 0
30 25 108
27 22 21
28 19 99
15 4 0
19 4 0
25 14 13
1 0 0
25 12 13
13 6 0
14 7 0
14 3 0
26 18 11
20 12 5
1 0 0
18 6 0
23 9 7
28 15 23
27 17 21
11 3 0
23 11 3
26 15 34
20 15 23
11 6 0
29 31 505
22 13 15
1 0 0
13 7 0
16 5 0
22 12 3
21 9 2
24 17 16
6 2 0
6 1 0
17 10 6
16 4 0
16 8 0
28 18 111
24 16 17
16 3 0
18 10 0
10 3 0
28 19 62
16 5 0
5 1 0
7 2 0
13 4 0
29 24 24
1 0 0
14 5 0
13 6 0
11 3 0
15 2 0
30 26 291
21 13 17
26 14 69
12 4 0
8 3 0
16 8 0
25 13 11
1 0 0
10 1 0
11 6 0
23 14 1
12 2 0
28 17 21
18 9 1
7 2 0
6 1 0
26 15 15
9 3 0
19 12 1
17 6 0
8 5 0
30 23 125
5 1 0
7 1 0
13 7 0
