36 383 54
13 47 3
35 344 44
20 107 2
20 109 2
11 26 3
23 149 5
49 702 103
13 47 3
17 85 3
44 557 119
20 116 6
22 153 4
34 335 95
26 204 15
27 226 23
31 276 28
41 498 174
12 40 3
31 299 21
33 318 64
45 583 97
47 628 134
37 396 82
35 353 65
22 134 6
34 330 115
30 264 44
37 421 164
23 161 9
21 126 5
13 37 3
37 427 61
22 143 3
16 80 2
31 276 35
32 294 50
47 679 229
50 743 157
25 184 6
24 168 33
33 322 23
11 31 3
20 119 2
40 462 131
43 527 101
12 43 2
33 309 53
16 71 2
12 32 2
37 390 94
50 747 143
33 301 39
38 417 84
26 197 2
21 136 3
19 118 5
13 46 4
33 290 29
35 380 70
21 132 9
10 23 2
26 195 14
19 109 3
49 699 188
30 238 31
39 422 94
29 248 23
48 669 274
13 52 3
18 95 6
13 48 3
48 689 299
50 712 219
30 266 30
16 73 2
38 422 152
30 250 37
28 231 20
44 566 138
47 631 109
22 137 13
48 661 265
26 201 4
17 75 2
21 117 4
23 163 5
41 521 151
49 687 191
33 319 33
24 165 13
25 165 14
16 69 4
37 414 80
40 468 142
27 202 14
38 427 59
32 286 29
44 554 111
19 95 5
26 200 10
48 690 219
19 124 3
16 81 2
45 621 128
45 592 131
40 485 98
11 30 9
13 50 2
17 75 3
38 420 111
33 296 40
36 373 68
45 613 145
45 566 92
48 674 146
18 93 4
29 253 29
19 113 3
42 532 90
18 89 2
31 274 44
33 318 45
12 41 4
24 167 12
20 111 4
23 162 6
41 499 110
26 199 6
31 277 29
25 193 15
45 608 200
38 406 55
15 70 4
35 342 50
41 479 103
40 474 95
43 535 190
10 33 2
12 43 3
38 410 79
29 255 19
43 521 88
25 174 17
32 290 50
42 541 156
43 579 96
28 221 16
41 480 145
11 33 1
16 76 2
41 475 101
36 386 86
16 79 2
27 204 15
38 414 76
46 635 161
21 124 2
26 206 26
50 724 193
14 55 2
25 185 11
23 156 6
34 333 50
30 243 36
49 682 158
46 610 120
14 59 3
47 638 118
39 429 92
35 364 66
47 675 335
27 203 27
28 211 19
17 79 3
47 649 250
19 99 3
32 299 60
17 87 3
48 675 200
13 45 6
40 456 117
32 283 45
46 614 145
28 246 16
33 314 77
16 70 2
35 364 38
14 50 2
30 279 30
38 421 104
23 155 7
42 510 160
15 68 3
39 459 93
50 719 284
18 90 3
42 515 78
14 60 2
36 385 52
15 57 2
21 138 4
22 127 8
31 265 35
43 545 111
22 138 4
25 187 11
36 390 32
31 276 55
32 298 40
24 160 12
42 510 101
27 215 27
11 34 3
36 401 46
20 110 3
44 548 206
14 54 3
50 738 139
44 574 118
42 499 91
28 210 15
24 169 7
44 583 157
41 501 111
47 644 260
37 404 82
15 64 2
14 50 2
45 599 111
22 135 3
43 548 148
34 351 39
11 38 2
15 69 3
40 454 74
31 282 39
29 252 14
35 359 51
48 686 213
45 579 155
22 138 6
43 528 109
39 466 115
34 324 70
18 98 2
11 37 2
23 146 12
50 738 236
19 107 5
13 43 2
12 42 3
39 435 181
34 324 46
25 170 17
21 129 6
28 235 14
15 68 3
41 467 75
42 519 107
30 260 33
10 28 1
18 93 3
46 646 108
11 33 2
13 51 2
39 450 69
23 150 3
15 62 2
42 506 114
33 321 31
29 238 21
42 513 100
24 170 4
20 126 2
12 44 3
44 565 178
48 677 144
29 243 20
43 560 96
46 616 197
34 338 74
46 624 134
19 100 6
24 168 18
36 391 96
10 26 3
34 329 85
36 399 108
28 220 35
39 445 88
36 374 113
40 469 120
49 727 168
34 317 50
21 113 7
49 710 213
11 35 4
18 87 3
37 396 126
10 23 2
24 159 8
12 44 2
25 178 12
12 47 3
27 217 6
14 59 6
44 549 153
36 385 78
19 99 2
14 54 3
35 371 84
39 452 178
17 94 8
48 657 151
46 609 177
16 66 5
42 512 116
26 194 27
49 700 245
18 90 7
43 534 107
15 60 2
15 55 5
25 183 14
27 202 21
37 400 65
50 708 255
21 121 4
22 142 12
20 109 5
28 224 15
32 291 75
30 264 16
25 173 9
24 179 15
46 599 218
39 455 99
23 157 5
48 684 175
34 326 78
10 32 2
46 611 173
47 644 203
18 103 3
41 486 129
10 28 2
49 698 121
50 734 131
14 60 2
49 694 303
40 476 116
19 104 4
39 416 109
45 597 171
44 563 117
26 190 7
31 288 42
10 27 1
41 500 82
47 623 223
49 706 154
31 277 24
37 400 78
23 166 13
32 271 53
30 274 21
35 365 66
17 82 4
16 70 2
17 79 3
47 648 138
10 28 2
20 121 3
45 621 140
21 116 8
40 460 111
20 110 9
22 140 4
24 162 5
27 206 23
11 29 2
26 197 10
29 238 39
40 452 127
27 209 17
50 732 154
29 246 20
28 226 14
30 267 21
17 83 4
46 625 217
44 565 93
35 376 56
38 427 128
10 22 2
27 224 21
32 311 45
29 238 27
37 420 77
17 79 9
29 242 9
15 67 3
38 404 44
32 295 28
43 542 57
12 36 2
28 219 3
14 50 2
18 89 3
