20 55 4
39 216 42
10 19 7
44 303 75
16 35 2
47 336 100
14 30 3
11 18 2
50 367 92
15 27 14
22 65 4
17 39 2
28 116 12
42 238 23
36 192 27
24 84 3
42 261 89
30 144 5
15 26 2
23 75 4
33 165 20
7 7 1
16 43 1
40 247 32
30 150 17
32 155 9
25 86 3
33 159 25
13 24 2
13 23 2
30 138 14
34 171 23
44 269 103
33 173 27
21 69 6
34 155 48
41 239 38
39 231 53
45 295 48
16 32 2
28 111 3
45 301 79
23 81 3
14 26 2
37 209 23
33 164 30
19 53 3
15 40 2
37 210 31
16 27 4
34 172 20
48 323 121
30 141 13
39 247 57
46 310 74
18 33 2
21 69 3
19 45 3
22 62 3
25 88 18
26 97 15
31 118 15
25 86 3
20 64 3
46 312 82
23 75 3
19 42 1
41 244 51
15 27 2
18 59 2
34 172 23
49 339 150
45 316 79
45 307 80
41 236 33
49 376 83
32 154 17
13 26 4
25 90 4
34 172 13
21 69 3
40 239 34
39 243 40
18 47 2
29 124 9
16 34 3
42 273 70
12 23 1
15 25 2
23 80 2
14 30 1
21 68 3
29 117 4
14 35 2
18 48 13
12 12 2
27 95 6
45 289 45
38 206 24
11 20 1
18 42 3
27 109 3
33 148 15
29 124 17
42 235 39
22 70 2
10 10 2
45 298 112
35 179 13
30 133 3
26 103 4
12 17 5
13 21 2
45 314 51
43 243 58
33 161 42
35 182 25
47 335 108
48 347 115
36 207 15
37 201 27
17 36 2
47 330 108
30 114 4
31 136 6
20 43 1
10 15 4
40 207 28
21 66 5
15 28 1
13 26 2
11 12 2
11 15 3
29 122 6
18 39 3
14 21 3
26 106 3
18 43 1
50 375 105
21 62 3
49 331 74
16 34 3
43 262 70
24 85 3
35 170 25
28 119 3
11 25 2
43 270 69
13 27 6
21 68 5
28 121 11
48 340 169
46 317 88
48 337 71
25 83 3
31 130 13
47 316 61
44 286 43
50 352 87
32 142 30
20 59 2
27 104 4
31 124 10
46 279 73
24 69 2
26 88 3
35 183 26
36 195 37
15 33 2
45 298 72
25 85 8
22 71 4
29 122 4
31 128 9
18 49 4
12 21 1
34 159 17
26 101 11
41 236 37
18 56 5
50 353 84
15 29 1
37 213 19
20 63 3
13 26 2
15 27 2
37 195 24
14 25 2
36 201 37
26 99 20
38 199 36
35 183 22
19 54 1
47 346 57
35 185 24
32 154 12
27 110 3
49 363 166
38 236 25
10 12 2
39 242 22
14 26 2
42 296 46
22 69 3
44 284 63
38 209 35
25 94 3
11 12 2
50 355 92
12 17 2
43 264 59
47 322 63
29 123 7
49 371 125
11 19 2
29 125 11
11 18 2
12 19 2
27 114 3
35 176 23
42 255 56
39 187 31
22 74 5
23 90 3
46 307 56
45 298 52
23 79 3
45 262 58
44 296 49
42 236 34
17 42 2
46 320 91
36 189 23
41 267 43
13 24 1
24 76 3
41 247 65
15 35 2
12 22 2
42 254 62
11 15 2
16 38 3
27 103 3
17 47 3
40 227 31
28 106 3
27 98 12
37 200 23
19 52 3
41 257 28
14 32 2
24 77 3
43 282 33
34 158 23
50 360 102
23 66 4
38 222 50
32 152 26
11 20 13
11 18 6
30 133 9
17 49 4
20 51 3
19 43 2
12 20 2
33 138 10
40 233 39
38 206 30
22 62 3
35 187 30
10 17 2
15 34 2
43 261 47
24 86 3
40 248 22
48 362 134
38 219 54
12 18 2
33 171 30
19 53 2
48 355 133
28 99 9
29 102 3
41 240 69
44 262 34
47 325 78
35 181 15
19 55 2
27 101 10
30 126 10
37 195 18
26 93 12
36 174 12
29 125 10
46 331 93
37 202 38
39 208 9
33 169 18
10 13 2
50 368 90
32 148 16
21 65 2
22 78 5
17 33 2
25 87 11
19 46 3
22 59 5
48 319 145
10 14 3
50 383 74
31 144 12
26 102 3
37 213 50
40 261 40
43 269 42
18 40 3
49 389 67
24 85 3
21 64 4
9 7 2
27 101 2
43 252 57
46 318 98
40 243 45
31 154 19
47 358 103
41 249 37
46 325 57
40 245 65
41 241 59
50 362 126
32 154 17
20 48 3
40 202 35
49 357 62
24 88 3
15 34 3
23 71 3
46 323 57
44 298 54
36 183 25
16 34 2
31 143 19
17 51 2
30 121 2
49 380 111
24 79 2
33 125 11
29 131 7
39 237 28
32 143 19
28 114 9
19 39 2
34 157 22
8 12 2
32 142 18
43 260 43
38 217 28
28 110 13
36 191 25
17 40 2
31 141 9
20 68 3
49 371 78
22 73 3
26 102 5
48 349 83
50 392 115
10 18 1
35 189 26
25 82 2
38 189 20
19 51 3
44 283 69
17 49 4
44 271 49
39 191 22
11 16 3
34 177 15
25 88 10
49 322 51
28 103 3
36 181 14
48 321 105
47 312 119
48 346 94
26 91 4
37 198 5
43 253 52
12 20 5
14 33 2
23 71 3
19 55 9
32 137 10
47 303 53
31 121 11
23 66 5
17 42 2
24 74 5
30 120 13
28 99 5
42 250 43
34 198 21
39 226 19
42 250 30
27 92 9
38 234 16
21 58 2
36 179 13
44 286 19
