11 45 3
21 162 3
45 791 101
45 785 185
18 132 3
31 379 8
17 105 3
42 679 155
14 77 2
50 957 199
41 659 83
44 757 125
22 186 4
23 197 5
38 541 51
42 691 74
18 123 3
46 845 103
10 37 2
14 75 3
24 217 3
26 259 5
20 155 3
21 163 16
18 129 3
46 820 186
24 226 3
21 185 3
14 65 2
28 292 22
15 83 2
35 487 17
47 874 76
20 144 3
13 66 2
23 201 3
46 856 87
29 332 4
23 197 4
11 46 2
19 137 2
48 881 164
48 900 110
16 102 2
15 90 2
50 977 175
21 159 8
33 429 7
26 267 2
24 224 3
25 227 4
40 635 31
15 86 2
45 785 87
11 43 2
24 227 11
32 419 6
24 221 5
19 144 5
49 934 149
41 659 111
14 70 2
36 491 38
24 216 4
12 58 4
29 326 3
39 601 35
43 723 66
28 303 6
38 573 11
28 304 4
40 628 68
29 317 16
27 286 3
19 134 2
18 127 4
46 825 91
12 55 2
13 60 2
44 755 86
11 49 2
31 385 4
27 276 3
31 371 11
40 618 49
15 86 3
20 148 2
30 350 6
10 38 2
15 82 2
34 460 8
48 925 158
10 40 2
21 175 4
27 277 5
50 990 251
36 495 46
40 623 80
46 829 114
19 132 3
11 43 2
35 488 76
45 770 102
33 421 23
14 70 2
49 956 105
36 483 10
33 422 31
11 47 2
32 389 8
32 404 15
47 845 216
39 589 38
43 721 112
39 575 105
12 52 3
39 599 25
32 392 9
42 685 111
20 141 3
31 363 23
50 973 198
40 628 132
49 921 285
10 39 2
31 368 6
26 258 9
27 287 3
46 830 101
23 210 4
25 237 5
22 175 3
17 101 2
26 262 3
28 306 5
38 558 44
44 774 72
14 68 4
29 320 5
45 747 129
30 346 6
23 211 3
19 134 8
33 440 17
19 142 3
49 945 156
14 65 2
43 748 79
22 188 3
11 48 2
13 63 2
25 241 5
30 341 4
31 374 6
19 141 13
25 246 5
27 270 4
47 873 133
26 269 4
21 165 4
37 522 38
12 51 3
25 241 5
32 400 15
27 289 4
16 87 3
45 783 151
21 179 3
13 65 3
30 366 6
49 920 123
16 99 2
39 586 101
38 563 61
50 989 144
17 110 4
48 902 88
31 351 13
36 507 34
24 220 6
42 677 63
25 238 7
37 525 46
28 308 8
25 257 5
24 228 3
30 351 5
25 240 3
10 33 2
29 317 8
46 818 258
21 165 4
34 446 19
50 980 226
45 797 90
15 79 3
31 370 17
35 492 20
32 404 5
20 145 3
33 411 50
23 188 8
17 112 3
31 368 17
39 597 26
30 341 4
38 576 26
41 671 55
17 106 3
29 337 5
17 109 2
29 318 6
42 691 113
12 54 2
38 565 30
47 852 99
17 108 13
26 267 3
44 750 108
35 472 21
42 688 98
13 61 2
20 153 2
33 406 13
37 546 15
42 672 132
34 451 58
41 651 78
22 185 3
16 95 3
48 904 146
14 73 2
50 977 187
28 300 5
18 126 2
18 118 2
49 927 152
12 50 3
44 767 115
35 477 16
11 44 2
16 107 3
20 154 3
12 54 4
23 200 3
26 255 3
36 511 51
18 111 3
48 883 195
28 295 5
44 739 198
37 554 35
40 618 83
26 265 2
47 874 219
19 140 3
23 204 4
47 867 117
36 488 33
39 602 42
41 641 73
36 519 39
21 156 3
37 529 47
23 203 8
20 151 3
35 470 13
33 429 7
32 386 25
41 655 57
42 676 112
16 95 3
48 892 230
43 732 63
27 275 3
15 92 2
10 34 2
35 471 27
16 99 2
27 285 4
28 302 6
18 126 2
22 182 3
42 683 130
24 219 8
43 725 160
41 647 94
26 264 4
15 85 2
44 748 157
48 887 171
13 62 2
49 942 146
29 313 11
38 565 32
23 215 3
20 143 3
16 94 2
13 60 3
11 45 1
44 771 90
25 241 3
22 183 3
17 111 2
28 289 12
22 181 4
26 268 4
14 77 3
17 103 2
29 322 8
44 747 182
28 301 4
34 447 9
24 224 5
10 35 4
20 147 3
34 441 15
40 626 39
39 588 53
36 494 57
49 929 235
34 461 43
38 554 65
32 392 11
19 139 3
41 640 69
39 589 70
48 932 155
47 854 117
34 461 11
35 465 33
43 722 65
15 78 2
17 109 3
31 365 15
50 998 106
38 570 22
37 527 37
22 181 9
46 814 109
45 806 100
12 57 2
36 514 22
43 723 78
43 715 91
38 579 20
32 393 7
16 97 2
10 34 3
42 679 101
37 530 13
49 943 223
50 982 230
21 159 4
43 722 55
46 823 135
44 804 16
39 602 67
30 339 15
40 607 90
18 122 3
45 786 140
12 52 11
37 538 37
47 873 149
35 488 16
45 782 93
50 989 264
37 519 76
22 191 3
34 464 7
46 841 89
30 339 14
25 250 3
13 65 3
33 425 12
16 101 2
19 130 4
10 36 2
27 284 5
30 367 4
37 526 23
47 855 108
13 62 2
43 708 125
11 36 1
33 426 38
35 481 17
29 323 14
36 508 18
12 53 2
47 866 129
14 70 5
13 60 3
34 449 18
41 649 75
10 32 2
27 285 6
41 669 49
18 127 4
30 368 8
34 455 8
15 83 2
33 413 7
49 944 117
32 387 11
40 632 30
22 194 2
48 913 52
40 636 21
