24 205 5
41 594 68
26 230 41
11 35 4
44 652 94
21 155 4
10 30 1
46 725 159
20 130 9
29 294 15
18 109 2
48 782 181
41 583 111
43 637 122
28 274 20
43 636 174
46 725 253
29 255 50
36 442 114
47 771 192
50 836 204
36 454 95
40 512 105
45 693 149
48 774 135
35 427 35
11 40 2
35 418 53
29 277 24
37 457 181
31 325 67
34 406 17
25 210 14
37 473 107
17 101 2
28 254 36
38 513 84
47 754 128
17 91 2
18 118 4
25 213 5
19 118 2
32 346 23
20 133 3
10 30 2
33 370 21
26 221 23
31 312 15
46 717 135
15 71 2
17 99 6
36 438 94
27 243 16
46 716 144
32 353 47
10 23 2
27 239 14
45 673 194
42 588 107
22 169 2
36 446 73
16 83 2
17 95 19
39 508 81
13 47 2
39 505 70
16 81 2
25 205 9
37 470 84
35 415 52
17 106 3
30 311 19
39 537 82
11 43 2
44 683 130
50 867 201
20 137 4
34 403 48
40 554 164
11 39 17
33 384 57
30 312 32
45 679 166
32 353 32
20 129 2
16 82 3
28 259 20
12 36 3
44 674 156
18 110 4
21 153 3
10 30 2
10 32 2
22 165 3
15 79 2
24 187 12
38 481 143
14 67 2
28 265 8
12 45 2
48 787 141
38 479 102
11 37 2
15 80 10
40 542 157
10 30 3
47 769 112
14 63 2
39 527 76
37 478 134
44 679 173
32 333 58
19 120 3
32 350 28
12 48 3
47 740 155
13 60 2
30 299 11
44 662 121
13 48 2
39 532 65
47 710 199
50 839 179
22 157 4
21 143 4
46 730 155
33 348 32
20 129 2
22 168 3
21 153 4
19 114 11
18 117 3
28 290 6
37 458 74
12 49 3
23 194 4
49 804 157
22 164 4
20 128 3
19 125 3
31 328 32
23 182 3
49 821 195
26 229 5
34 368 44
31 315 23
14 66 5
13 52 2
50 883 247
50 869 183
30 307 16
19 111 3
32 338 63
39 523 117
17 95 3
49 829 236
37 466 132
39 512 102
10 26 3
35 424 69
25 200 28
10 26 2
16 81 2
28 260 6
15 63 6
46 717 149
47 762 219
24 182 3
21 151 13
24 192 22
25 210 17
10 30 10
47 747 141
14 58 3
43 641 251
35 424 37
26 238 24
42 599 220
36 469 124
12 43 10
41 588 97
42 613 101
41 553 132
34 377 68
20 135 3
14 64 2
28 277 26
44 664 164
33 374 67
45 696 205
48 787 142
38 485 80
27 245 19
50 882 171
11 34 2
23 182 4
11 36 2
23 174 9
44 655 138
19 117 4
27 248 14
41 592 118
41 548 101
38 494 191
49 817 238
30 293 45
39 507 186
44 657 173
26 230 26
30 302 28
39 504 73
21 144 8
18 97 3
16 81 3
38 485 124
27 254 5
37 489 107
45 705 284
32 352 72
45 682 244
12 46 2
29 285 39
43 624 174
45 688 233
36 441 86
26 248 27
42 600 110
49 819 230
40 551 130
16 84 7
28 263 15
18 101 8
37 456 62
38 505 89
16 83 2
17 99 5
22 171 3
15 70 3
15 78 2
34 402 50
29 290 11
18 106 3
35 424 72
13 53 2
26 243 3
42 589 114
36 430 52
40 560 85
43 644 177
49 842 232
11 45 2
29 286 25
21 148 4
32 359 28
46 760 95
24 184 10
13 58 2
23 183 4
37 457 150
34 395 26
50 828 294
23 176 11
31 338 26
42 613 92
29 286 31
22 165 4
32 360 34
35 415 61
45 699 194
15 69 3
48 804 155
48 825 190
26 241 4
33 373 67
13 51 2
49 816 159
13 56 3
43 641 112
28 263 26
16 82 3
29 283 15
14 63 2
33 376 40
23 187 4
47 762 152
18 110 5
31 318 30
37 474 54
18 108 3
50 831 289
34 371 76
50 872 274
24 192 7
34 400 27
38 496 95
46 688 204
36 454 132
31 331 26
11 42 2
23 179 8
12 47 3
24 184 8
40 546 158
33 362 37
30 311 14
16 78 4
10 33 2
24 199 9
20 131 4
35 422 80
24 199 5
40 556 96
16 86 4
42 589 120
42 599 123
49 838 143
15 72 2
32 363 22
48 804 143
29 279 21
48 813 237
41 603 102
23 166 7
25 200 4
33 370 42
27 238 24
14 63 2
44 677 114
36 458 37
19 114 3
43 603 127
43 625 142
46 727 145
14 57 1
48 776 218
40 542 177
21 137 4
30 298 17
40 561 132
38 506 103
25 208 11
12 46 3
45 688 133
39 521 113
33 373 49
27 240 18
23 182 3
47 749 181
41 585 105
22 157 3
30 277 34
19 109 10
26 231 4
29 268 31
14 60 2
47 769 131
42 595 103
44 634 201
28 273 18
27 231 16
22 159 3
46 708 140
42 598 115
14 63 2
21 155 4
25 207 10
12 44 2
45 710 127
25 212 19
36 443 50
15 74 2
15 69 3
48 799 163
22 166 7
31 325 42
27 246 8
31 327 19
17 101 2
17 80 5
30 329 5
27 262 10
34 389 30
49 786 135
41 561 178
26 220 68
18 118 5
19 119 2
20 132 7
17 88 4
43 615 118
19 126 4
24 194 12
20 128 3
13 53 3
13 61 2
11 37 3
43 616 139
12 54 4
31 320 21
35 420 16
35 418 69
34 409 58
33 380 14
40 545 66
50 859 99
38 472 54
41 571 69
21 142 3
25 194 11
49 840 74
