27 31 1
12 9 2
19 14 2
4 4 2
40 49 2
20 20 1
32 26 3
20 17 1
24 24 10
39 54 4
22 18 1
10 7 2
22 19 2
0 0 1
28 33 2
41 58 2
45 56 1
44 46 2
34 35 1
33 30 2
23 18 2
43 57 1
32 29 2
20 18 2
17 15 2
30 35 2
25 20 1
13 11 1
20 19 1
7 5 2
22 22 1
26 26 2
41 54 2
12 7 14
19 16 2
15 11 2
10 6 1
2 1 13
30 32 2
34 45 3
39 48 2
15 10 2
27 31 2
4 2 1
26 27 1
19 15 1
48 74 1
19 18 2
38 42 1
13 8 2
4 3 1
15 14 2
43 50 1
24 22 2
28 26 1
22 19 2
43 48 1
20 18 3
4 2 2
5 3 1
30 37 2
42 52 2
6 4 2
8 7 1
28 30 3
16 13 1
17 14 1
25 26 3
41 47 2
5 3 2
34 37 2
13 11 1
47 66 2
9 6 1
8 5 2
31 32 3
33 46 4
42 53 2
42 47 1
6 4 1
5 4 2
35 35 1
37 54 1
31 31 3
46 65 2
36 40 2
19 15 5
36 45 2
19 17 2
23 20 2
22 21 1
40 48 2
5 3 1
16 13 2
9 6 2
20 20 2
9 6 2
4 2 2
45 51 2
23 18 1
15 14 3
5 3 3
36 40 2
29 29 2
5 4 2
13 11 2
6 4 2
20 16 3
2 1 2
16 15 2
14 9 1
22 26 2
25 26 2
36 45 2
39 53 2
37 37 2
40 52 2
2 1 1
15 11 5
11 8 3
30 32 2
7 4 2
24 23 7
11 8 1
39 50 1
23 21 1
10 6 1
36 36 2
10 8 2
37 46 1
13 10 1
27 26 2
36 37 2
47 64 2
37 43 2
14 15 2
6 3 2
34 38 3
38 43 4
2 1 2
36 46 2
27 21 2
15 14 2
42 50 2
33 35 2
22 15 2
22 19 2
45 57 2
39 47 2
14 12 3
6 3 2
44 61 1
37 46 2
19 18 1
15 12 2
35 40 2
35 41 2
35 40 2
29 24 2
35 33 1
37 39 1
45 59 2
48 66 5
22 20 2
30 37 2
28 35 2
41 43 2
16 16 2
27 33 2
26 26 2
37 36 2
14 12 2
10 7 2
41 50 2
8 6 1
22 19 2
22 16 2
8 5 2
39 43 2
12 9 1
21 18 2
23 25 2
4 3 1
7 4 3
27 31 4
32 40 2
29 27 2
38 45 1
18 18 2
25 21 2
18 16 2
19 17 1
46 59 2
36 45 3
14 9 2
6 4 2
19 17 1
20 17 1
45 57 1
9 5 2
27 20 2
44 59 2
21 20 20
42 58 2
7 4 3
18 12 2
30 45 2
29 24 2
21 17 2
9 8 2
38 44 2
11 6 2
31 30 3
34 35 2
10 7 3
39 44 4
9 7 2
20 17 2
33 35 3
41 50 2
39 49 3
25 31 2
32 34 2
18 15 3
24 23 1
41 43 2
23 21 2
43 53 2
17 10 2
10 6 1
4 2 3
12 12 2
35 41 2
9 6 2
8 5 2
36 43 1
29 28 2
3 2 2
46 62 2
12 8 2
26 26 2
25 24 2
42 59 3
17 12 2
8 5 2
39 48 8
27 23 5
26 30 1
41 48 2
17 15 3
10 6 1
33 41 2
16 13 2
12 8 3
31 31 2
45 57 5
26 22 2
6 3 2
28 31 3
42 44 1
6 3 3
29 28 2
47 65 3
40 53 2
13 10 2
13 10 2
39 45 1
9 7 2
6 4 1
9 5 2
30 25 2
30 26 2
17 16 2
0 0 0
25 20 1
10 8 1
32 38 2
14 13 2
42 54 1
6 3 2
36 38 2
6 4 1
7 4 2
18 18 2
19 16 2
12 12 2
17 10 1
5 3 3
11 8 1
34 35 2
17 17 2
14 12 1
12 9 2
34 42 2
27 26 2
31 35 2
10 10 1
38 53 2
13 11 1
3 2 2
31 44 2
13 9 1
21 17 3
37 48 2
14 10 1
9 6 7
7 5 2
17 15 3
44 63 2
42 56 2
6 4 1
8 6 4
29 21 3
39 50 5
39 47 2
20 15 2
30 31 2
18 15 2
21 21 1
14 10 3
20 24 2
5 3 2
14 9 2
6 4 1
7 5 9
4 3 1
20 25 2
46 60 1
9 6 2
31 39 2
47 64 2
23 17 2
34 43 2
31 36 2
26 24 3
5 3 1
24 25 3
44 58 2
31 36 3
38 43 2
35 39 2
45 49 3
40 48 2
41 50 2
17 14 1
44 60 1
8 4 2
29 34 2
7 4 1
22 20 2
10 7 3
12 9 2
31 35 2
20 19 2
11 9 3
33 35 2
30 42 3
31 32 2
38 52 1
25 19 2
9 7 3
19 16 2
10 8 2
33 34 2
15 15 2
47 70 4
28 27 3
43 45 2
38 37 3
11 10 4
23 19 2
19 15 3
34 36 2
31 37 2
30 35 2
4 3 3
2 1 2
5 4 2
48 61 2
12 9 2
38 39 2
27 26 2
20 15 2
25 23 2
4 2 4
17 13 2
41 50 2
34 36 2
38 44 5
42 57 7
27 31 6
38 52 4
11 7 3
27 21 2
28 23 2
0 0 0
14 12 2
41 51 2
15 12 11
2 1 9
11 9 2
44 56 3
31 31 2
9 5 2
14 11 2
8 6 3
35 42 2
15 12 1
13 12 2
18 19 1
