11 6 0
5 1 0
23 26 98
30 46 1044
13 8 0
12 6 0
23 21 35
25 29 255
23 22 11
13 9 1
24 28 127
23 32 51
30 47 1004
30 47 718
17 16 14
16 10 1
16 19 1
10 5 0
30 41 378
4 1 0
17 10 1
15 14 1
7 4 0
21 21 18
13 5 0
17 12 1
16 14 4
16 14 2
8 4 0
25 30 207
4 1 0
26 28 253
9 2 0
30 47 245
1 0 0
22 22 24
1 0 0
8 3 0
28 31 265
14 7 1
25 33 238
24 33 110
12 11 1
7 5 0
5 1 0
24 33 86
13 11 0
8 5 0
19 16 7
19 19 16
16 15 10
13 9 0
26 40 117
25 39 126
24 30 120
30 52 804
21 20 22
17 20 5
19 23 7
21 17 4
5 3 0
25 22 34
19 25 6
8 3 0
21 20 7
22 24 27
24 25 27
15 7 0
27 44 98
7 3 0
17 12 8
17 15 4
11 7 0
7 2 0
8 5 0
23 23 77
22 24 56
24 23 38
17 20 5
15 10 2
30 28 195
21 24 15
28 40 348
5 1 0
10 6 0
16 16 1
25 24 108
12 4 0
21 13 1
15 12 1
22 30 48
30 41 353
13 7 1
23 31 44
26 29 103
18 12 1
27 28 258
25 36 107
7 1 0
5 1 0
7 1 0
5 3 0
17 17 3
1 0 0
1 0 0
19 22 12
16 14 2
7 2 0
14 7 0
22 21 6
9 2 0
18 17 4
27 40 166
5 1 0
19 12 2
21 17 3
5 2 0
8 3 0
13 12 1
8 7 0
7 2 0
28 35 445
27 40 383
20 22 7
6 3 0
23 25 31
7 3 0
8 6 0
20 24 20
15 10 3
7 5 0
28 34 35
17 16 8
12 6 0
10 3 0
18 13 4
13 3 0
17 13 1
26 32 487
5 2 0
29 48 395
18 24 14
17 22 5
8 4 0
12 8 0
18 15 5
30 44 845
12 8 0
15 8 0
28 37 154
19 14 1
12 7 0
11 7 0
24 34 118
26 37 137
19 21 6
17 16 2
8 2 0
16 17 3
23 22 24
11 6 0
29 38 289
6 2 0
13 5 0
9 3 0
1 0 0
11 4 0
26 25 140
20 25 14
23 22 42
7 3 0
19 18 4
6 3 0
23 29 49
28 34 119
26 36 154
9 4 0
5 2 0
12 5 0
8 4 0
20 15 1
26 32 193
7 3 0
6 3 0
10 6 0
22 28 10
22 21 15
10 2 0
15 12 1
26 29 105
13 9 0
29 43 411
30 47 230
30 31 750
8 3 0
24 26 45
15 10 1
20 18 22
20 21 17
25 29 31
