31 57 5
38 74 2
41 84 3
21 21 3
9 7 2
47 107 8
8 5 3
16 16 2
43 85 4
23 26 1
48 103 4
36 72 2
45 106 4
26 27 2
41 80 2
20 24 3
20 28 5
18 23 2
43 83 5
37 67 2
18 24 3
32 47 2
26 35 2
30 47 3
31 40 2
48 118 8
11 11 2
36 67 2
11 12 5
36 72 2
18 21 2
25 37 3
10 7 7
16 12 3
10 7 2
15 15 2
25 35 2
19 21 2
7 4 2
46 103 10
23 25 1
26 35 2
45 96 14
48 112 9
36 73 2
35 60 2
29 41 6
39 69 2
39 71 6
4 2 1
43 85 3
35 67 2
29 45 2
42 90 5
11 13 3
30 49 6
22 31 3
24 25 2
32 52 3
11 8 4
20 25 2
42 92 4
38 63 2
45 82 2
47 105 4
34 67 15
11 11 2
21 33 2
28 43 4
18 16 15
7 8 4
14 11 2
45 106 2
33 42 3
39 82 3
20 24 2
17 16 18
32 59 4
40 78 4
32 64 3
50 111 7
48 111 6
29 51 3
29 48 11
33 52 3
19 21 4
46 118 14
39 75 3
4 2 4
36 49 3
40 90 4
46 113 4
35 74 4
19 20 2
31 53 5
50 110 3
28 45 4
45 90 2
11 12 3
37 72 4
14 12 2
23 27 2
7 5 2
6 4 2
36 56 2
46 86 3
40 93 3
32 49 2
22 30 1
6 4 3
34 68 2
21 22 2
42 86 3
40 75 3
17 15 2
11 8 2
34 66 4
37 74 3
33 56 3
27 46 2
11 9 1
48 125 42
19 21 1
47 117 3
28 44 3
50 120 16
28 42 14
26 38 4
27 36 3
47 100 5
38 79 6
17 24 1
47 123 25
32 43 3
19 21 4
32 42 3
31 39 3
9 7 2
13 12 6
36 70 9
48 114 10
36 55 6
24 37 3
49 149 20
44 92 3
39 91 2
21 30 2
42 97 2
25 34 2
28 49 2
33 51 2
28 37 2
6 4 2
42 93 4
28 40 3
35 67 3
24 35 2
49 124 21
8 5 2
40 69 5
10 6 3
21 25 2
16 17 2
49 132 7
44 87 3
45 109 4
40 77 4
48 115 4
46 111 6
6 4 4
6 3 1
31 52 2
19 20 2
36 73 5
18 18 2
26 40 2
10 8 2
40 68 3
35 58 3
21 24 2
25 35 7
11 13 1
13 10 3
29 44 3
48 122 8
28 43 2
49 128 5
30 44 2
7 5 2
17 18 2
26 36 2
23 28 2
21 31 2
45 98 8
7 5 2
23 25 3
8 7 2
32 62 2
23 27 2
36 54 3
13 10 3
21 28 2
26 38 3
44 103 4
39 68 5
6 3 2
33 51 2
27 48 3
17 22 2
24 29 3
26 38 2
5 4 2
44 87 2
41 83 4
50 139 16
11 8 2
34 57 3
27 42 3
10 9 2
32 46 1
33 58 3
49 127 4
20 18 2
43 107 3
14 13 2
34 52 2
9 5 2
36 64 3
26 41 3
24 32 1
13 15 5
23 27 2
14 12 1
39 70 2
11 7 3
35 60 3
11 7 2
40 73 4
28 43 3
43 92 5
7 4 2
36 65 3
19 22 2
22 30 1
14 16 2
46 105 12
49 110 6
38 72 3
32 50 2
43 109 2
14 14 4
30 54 3
43 91 8
47 116 4
38 76 10
33 52 7
22 27 2
45 94 3
31 46 2
37 58 3
40 79 2
7 5 2
17 20 1
25 33 2
45 98 3
13 14 1
6 4 2
43 98 2
18 20 3
35 68 3
41 86 3
44 98 14
28 43 2
11 8 2
31 48 1
10 9 1
29 32 2
13 14 2
25 33 2
21 30 3
41 79 2
14 16 2
8 5 1
29 48 2
7 6 2
8 6 1
37 60 2
48 118 9
8 6 2
9 6 1
49 103 5
41 90 3
29 44 2
22 34 2
40 83 6
26 33 2
9 8 3
50 122 15
21 20 3
15 13 2
33 69 5
20 32 9
25 33 3
40 77 1
13 15 1
42 95 3
40 68 3
11 9 2
9 5 2
38 74 2
34 67 2
24 34 1
41 88 4
8 7 4
48 117 3
30 49 4
16 13 2
42 89 3
49 126 4
28 54 3
16 18 2
13 11 3
21 25 2
21 25 2
49 118 11
39 82 3
10 7 2
35 68 4
18 20 2
36 69 2
12 11 3
27 40 3
26 36 2
9 7 2
46 102 5
43 94 3
14 12 2
14 17 6
42 93 3
21 18 2
32 54 3
43 99 4
20 23 2
34 56 2
22 36 2
47 94 5
39 67 3
38 80 11
22 27 2
13 10 2
11 8 1
44 104 4
16 15 2
40 84 3
46 101 5
30 44 2
20 21 2
29 41 2
46 114 7
47 117 3
44 87 2
14 15 2
9 7 2
37 82 2
31 57 3
6 4 2
12 10 2
26 40 3
27 32 1
11 9 2
11 10 2
47 104 6
13 17 2
23 24 2
49 108 2
17 20 2
44 100 2
43 99 4
35 73 2
17 17 2
34 55 2
27 47 2
19 22 2
7 6 2
38 71 3
9 6 2
23 26 2
13 12 2
47 118 10
49 108 9
41 100 4
34 54 2
39 82 2
14 10 2
28 39 2
35 65 2
48 107 3
12 10 1
21 33 1
8 8 1
18 18 2
22 25 2
32 64 2
23 30 2
14 18 2
21 27 2
13 9 2
11 10 2
50 112 2
20 22 1
