45 182 11
18 31 1
11 22 3
45 221 83
14 17 1
16 29 7
12 16 2
42 179 28
30 81 18
47 229 38
12 18 2
17 30 3
44 175 14
46 199 38
20 39 5
20 42 3
19 36 2
9 9 2
42 193 27
35 113 14
43 188 44
44 200 50
50 245 69
34 119 22
32 98 13
38 161 24
39 145 53
16 21 1
29 70 3
32 111 12
20 39 2
49 232 55
21 45 3
9 13 2
35 147 25
10 10 3
28 72 3
49 247 70
29 89 4
48 230 43
17 31 1
23 45 4
31 109 5
40 163 16
40 182 18
23 51 3
19 36 4
20 35 2
36 115 14
47 206 24
18 36 2
14 21 2
43 180 34
29 70 3
21 51 2
31 99 3
20 38 2
17 30 2
36 118 4
11 20 2
47 216 19
48 211 29
49 237 58
38 132 7
50 242 126
11 15 1
46 227 25
13 18 2
31 103 4
36 106 3
36 111 16
27 80 4
46 197 47
39 134 22
48 252 67
49 243 40
27 62 3
43 192 85
37 134 15
31 81 9
30 86 3
16 21 3
26 50 3
12 16 2
50 227 80
35 125 18
21 44 3
22 40 3
33 105 3
18 38 2
43 203 29
25 70 3
16 25 2
36 128 18
27 67 3
46 210 77
34 115 11
28 94 7
33 100 9
39 154 3
23 50 2
10 8 1
32 107 13
30 89 8
26 67 3
40 164 11
28 72 3
26 67 1
48 211 58
41 156 17
39 138 11
47 235 62
13 15 5
44 203 19
25 57 4
6 5 2
36 128 14
16 30 2
39 164 18
35 119 16
40 187 56
20 30 3
33 99 3
11 15 2
38 149 22
42 162 20
15 23 2
30 78 9
28 78 9
22 38 5
22 41 2
49 243 46
45 197 41
39 156 10
8 8 2
48 229 94
32 110 19
34 112 5
47 223 49
19 32 2
24 71 4
41 163 23
13 16 2
20 26 2
13 16 3
14 20 2
27 69 2
9 9 3
18 31 2
33 108 2
50 239 101
10 9 2
18 33 2
23 60 3
33 102 8
16 24 3
49 238 71
31 85 8
35 117 18
45 187 56
48 244 91
30 87 5
28 72 3
28 85 3
23 44 2
36 133 3
27 58 3
16 31 2
43 184 23
24 65 4
24 49 2
23 65 3
40 162 16
46 204 62
44 200 24
25 60 5
12 14 1
45 180 14
10 12 2
16 27 2
18 33 2
35 123 6
28 79 3
27 63 2
44 201 73
14 22 2
9 13 2
42 178 19
34 125 13
19 37 2
13 25 1
7 5 2
24 49 2
26 57 2
23 55 3
38 134 15
20 43 2
6 6 1
41 150 4
43 193 31
26 70 3
43 178 23
10 10 2
31 92 5
46 204 46
26 83 6
14 20 2
44 193 58
30 88 3
34 111 19
49 250 140
50 247 70
33 117 3
19 34 1
48 222 81
49 214 62
26 73 2
13 16 10
50 269 63
42 158 30
23 45 2
18 39 2
31 89 4
13 20 2
20 43 1
22 39 3
25 66 2
12 14 2
47 225 38
49 234 91
19 42 3
26 68 6
13 11 2
45 192 37
42 171 12
44 196 70
46 205 54
6 5 2
16 24 2
44 193 82
32 94 11
10 11 2
49 232 47
27 77 3
37 126 3
25 58 2
23 56 2
29 76 3
44 172 12
38 133 4
32 91 3
18 33 2
34 103 14
42 169 31
36 110 6
16 18 2
18 37 2
12 14 2
34 109 14
26 72 2
25 53 3
22 42 3
17 29 2
11 17 2
33 99 11
22 54 5
20 46 2
43 184 14
29 82 3
24 40 2
15 26 2
45 183 33
16 27 3
30 84 11
37 152 22
50 259 82
40 156 14
27 59 3
37 116 3
30 85 2
48 241 68
40 154 24
45 210 52
42 163 43
29 81 6
50 258 136
17 23 1
37 126 13
47 203 31
35 134 10
39 156 22
46 197 21
10 13 2
41 151 27
44 199 35
14 15 2
38 125 5
22 54 3
50 250 63
50 229 59
23 48 3
17 32 2
28 82 3
29 95 3
10 12 2
15 22 1
41 162 21
41 172 12
37 135 17
47 223 78
39 151 38
30 70 5
10 13 2
14 21 3
32 109 3
13 14 2
32 94 3
34 112 11
33 87 4
46 205 37
41 166 19
25 61 3
12 15 2
29 80 4
35 129 13
39 133 25
13 22 2
25 54 2
22 52 3
39 126 15
21 48 2
37 141 18
19 42 2
21 39 2
41 160 25
8 8 4
14 15 1
14 23 2
37 144 19
28 82 3
15 23 1
28 74 2
34 95 10
30 90 5
37 136 28
45 195 21
26 58 5
11 15 2
48 245 45
40 155 20
35 116 15
13 19 2
12 12 4
26 58 2
45 216 32
47 215 80
15 24 2
38 125 6
17 27 2
48 239 83
20 35 2
17 23 10
24 63 4
47 210 29
22 51 3
13 19 2
31 102 7
12 15 1
22 59 19
41 159 11
29 65 2
38 133 7
25 55 2
21 46 3
32 89 3
42 186 28
17 34 2
40 160 17
30 90 11
34 121 15
21 41 2
17 37 1
22 50 3
38 141 4
43 173 21
25 55 3
23 53 5
35 111 9
32 105 9
46 199 56
18 32 2
27 59 3
42 204 23
36 127 10
15 16 1
10 11 2
24 72 4
43 177 17
36 123 10
38 157 18
32 101 3
14 21 2
32 115 4
20 45 2
40 144 17
31 89 9
40 173 9
29 92 2
37 125 13
18 23 1
