11 6 0
5 1 0
23 26 0
30 46 0
13 8 0
12 6 0
23 21 0
25 29 0
23 22 0
13 9 0
24 28 0
23 32 0
30 47 0
30 47 0
17 16 0
16 10 0
16 19 0
10 5 0
30 41 0
4 1 0
17 10 0
15 14 0
7 4 0
21 21 0
13 5 0
17 12 0
16 14 0
16 14 0
8 4 0
25 30 0
4 1 0
26 28 0
9 2 0
30 47 0
1 0 0
22 22 0
1 0 0
8 3 0
28 31 0
14 7 0
25 33 0
24 33 0
12 11 0
7 5 0
5 1 0
24 33 0
13 11 0
8 5 0
19 16 0
19 19 0
16 15 0
13 9 0
26 40 0
25 39 0
24 30 0
30 52 0
21 20 0
17 20 0
19 23 0
21 17 0
5 3 0
25 22 0
19 25 0
8 3 0
21 20 0
22 24 0
24 25 0
15 7 0
27 44 0
7 3 0
17 12 0
17 15 0
11 7 0
7 2 0
8 5 0
23 23 0
22 24 0
24 23 0
17 20 0
15 10 0
30 28 0
21 24 0
28 40 0
5 1 0
10 6 0
16 16 0
25 24 0
12 4 0
21 13 0
15 12 0
22 30 0
30 41 0
13 7 0
23 31 0
26 29 0
18 12 0
27 28 0
25 36 0
7 1 0
5 1 0
7 1 0
5 3 0
17 17 0
1 0 0
1 0 0
19 22 0
16 14 0
7 2 0
14 7 0
22 21 0
9 2 0
18 17 0
27 40 0
5 1 0
19 12 0
21 17 0
5 2 0
8 3 0
13 12 0
8 7 0
7 2 0
28 35 0
27 40 0
20 22 0
6 3 0
23 25 0
7 3 0
8 6 0
20 24 0
15 10 0
7 5 0
28 34 0
17 16 0
12 6 0
10 3 0
18 13 0
13 3 0
17 13 0
26 32 0
5 2 0
29 48 0
18 24 0
17 22 0
8 4 0
12 8 0
18 15 0
30 44 0
12 8 0
15 8 0
28 37 0
19 14 0
12 7 0
11 7 0
24 34 0
26 37 0
19 21 0
17 16 0
8 2 0
16 17 0
23 22 0
11 6 0
29 38 0
6 2 0
13 5 0
9 3 0
1 0 0
11 4 0
26 25 0
20 25 0
23 22 0
7 3 0
19 18 0
6 3 0
23 29 0
28 34 0
26 36 0
9 4 0
5 2 0
12 5 0
8 4 0
20 15 0
26 32 0
7 3 0
6 3 0
10 6 0
22 28 0
22 21 0
10 2 0
15 12 0
26 29 0
13 9 0
29 43 0
30 47 0
30 31 0
8 3 0
24 26 0
15 10 0
20 18 0
20 21 0
25 29 0
