10 0.001
11 0.001
12 0.002
13 0.003
14 0.004
15 0.005
16 0.007
17 0.010
18 0.011
19 0.013
20 0.020
21 0.021
22 0.030
23 0.035
24 0.040
25 0.054
26 0.069
27 0.081
28 0.092
29 0.105
30 0.143
31 0.133
32 0.160
33 0.195
34 0.237
35 0.292
36 0.328
37 0.377
38 0.457
39 0.513
40 0.560
41 0.657
42 0.757
43 0.981
44 1.190
45 1.055
46 1.278
47 1.294
48 1.941
49 1.823
50 2.076
51 3.240
52 3.237
53 3.881
54 3.953
55 5.497
56 5.379
57 6.639
58 7.796
59 7.983
60 9.709
61 9.750
62 10.459
63 12.754
64 14.519
65 15.674
66 16.044
67 18.632
68 19.390
69 21.776
70 24.660
71 20.232
72 23.883
73 24.910
74 25.706
75 30.632
76 31.115
77 35.394
78 37.332
79 45.056
80 42.776
81 48.186
