0.0 61
0.1 81
0.2 89
0.3 98
0.4 112
0.5 119
0.6 124
0.7 130
0.8 132
0.9 136
1.0 137
1.1 142
1.2 145
1.3 148
1.4 153
1.5 156
1.6 158
1.7 161
1.8 162
1.9 162
2.0 166
2.1 167
2.2 167
2.3 168
2.4 170
2.5 171
2.6 171
2.7 174
2.8 175
2.9 177
3.0 181
3.1 182
3.2 183
3.3 184
3.4 185
3.5 186
3.6 186
3.7 187
3.8 190
3.9 191
4.0 193
4.1 194
4.2 195
4.3 196
4.4 196
4.5 197
4.6 197
4.7 198
4.8 199
4.9 199
5.0 202
5.1 202
5.2 206
5.3 206
5.4 206
5.5 206
5.6 206
5.7 207
5.8 208
5.9 211
6.0 211
6.1 211
6.2 213
6.3 213
6.4 214
6.5 214
6.6 215
6.7 215
6.8 215
6.9 216
7.0 217
7.1 217
7.2 218
7.3 219
7.4 219
7.5 220
7.6 222
7.7 222
7.8 222
7.9 222
8.0 223
8.1 225
8.2 225
8.3 226
8.4 227
8.5 229
8.6 229
8.7 229
8.8 229
8.9 229
9.0 229
9.1 230
9.2 230
9.3 232
9.4 233
9.5 233
9.6 233
9.7 233
9.8 235
9.9 235
10.0 237
10.1 237
10.2 238
10.3 239
10.4 239
10.5 242
10.6 242
10.7 242
10.8 242
10.9 242
11.0 242
11.1 243
11.2 243
11.3 244
11.4 244
11.5 244
11.6 245
11.7 246
11.8 247
11.9 248
12.0 248
12.1 249
12.2 250
12.3 252
12.4 253
12.5 253
12.6 253
12.7 254
12.8 254
12.9 255
13.0 255
13.1 255
13.2 255
13.3 255
13.4 255
13.5 256
13.6 256
13.7 258
13.8 258
13.9 259
14.0 259
14.1 259
14.2 259
14.3 259
14.4 259
14.5 260
14.6 260
14.7 260
14.8 260
14.9 260
15.0 260
15.1 261
15.2 261
15.3 261
15.4 261
15.5 263
15.6 263
15.7 264
15.8 264
15.9 264
16.0 264
16.1 265
16.2 265
16.3 266
16.4 266
16.5 266
16.6 266
16.7 266
16.8 267
16.9 267
17.0 267
17.1 267
17.2 267
17.3 268
17.4 269
17.5 269
17.6 269
17.7 269
17.8 270
17.9 270
18.0 271
18.1 271
18.2 271
18.3 272
18.4 272
18.5 273
18.6 273
18.7 273
18.8 274
18.9 275
19.0 276
19.1 276
19.2 277
19.3 277
19.4 280
19.5 281
19.6 281
19.7 281
19.8 281
19.9 282
20.0 282
20.1 282
20.2 282
20.3 282
20.4 282
20.5 282
20.6 282
20.7 282
20.8 282
20.9 285
21.0 285
21.1 286
21.2 286
21.3 287
21.4 287
21.5 287
21.6 287
21.7 287
21.8 287
21.9 288
22.0 288
22.1 288
22.2 288
22.3 288
22.4 288
22.5 288
22.6 288
22.7 289
22.8 289
22.9 289
23.0 289
23.1 289
23.2 289
23.3 289
23.4 290
23.5 290
23.6 290
23.7 290
23.8 290
23.9 290
24.0 290
24.1 292
24.2 292
24.3 292
24.4 292
24.5 292
24.6 292
24.7 292
24.8 292
24.9 293
25.0 293
25.1 294
25.2 294
25.3 294
25.4 294
25.5 294
25.6 294
25.7 294
25.8 294
25.9 295
26.0 296
26.1 296
26.2 296
26.3 296
26.4 296
26.5 296
26.6 297
26.7 297
26.8 297
26.9 297
27.0 297
27.1 297
27.2 297
27.3 297
27.4 297
27.5 297
27.6 297
27.7 298
27.8 298
27.9 298
28.0 298
28.1 299
28.2 299
28.3 299
28.4 299
28.5 300
28.6 301
28.7 301
28.8 301
28.9 303
29.0 304
29.1 304
29.2 304
29.3 304
29.4 306
29.5 307
29.6 307
29.7 307
29.8 307
29.9 307
30.0 308
30.1 308
30.2 309
30.3 310
30.4 310
30.5 311
30.6 311
30.7 312
30.8 312
30.9 312
31.0 312
31.1 312
31.2 312
31.3 313
31.4 313
31.5 313
31.6 314
31.7 314
31.8 315
31.9 316
32.0 316
32.1 316
32.2 316
32.3 316
32.4 317
32.5 318
32.6 318
32.7 319
32.8 320
32.9 320
33.0 321
33.1 321
33.2 321
33.3 321
33.4 321
33.5 322
33.6 322
33.7 322
33.8 322
33.9 322
34.0 322
34.1 323
34.2 323
34.3 324
34.4 324
34.5 325
34.6 325
34.7 325
34.8 325
34.9 325
35.0 325
35.1 325
35.2 325
35.3 325
35.4 325
35.5 325
35.6 325
35.7 326
35.8 326
35.9 326
36.0 326
36.1 327
36.2 327
36.3 327
36.4 328
36.5 328
36.6 328
36.7 328
36.8 328
36.9 328
37.0 328
37.1 328
37.2 329
37.3 329
37.4 329
37.5 329
37.6 329
37.7 329
37.8 329
37.9 329
38.0 329
38.1 329
38.2 329
38.3 329
38.4 329
38.5 329
38.6 329
38.7 329
38.8 329
38.9 330
39.0 330
39.1 331
39.2 331
39.3 331
39.4 331
39.5 331
39.6 332
39.7 332
39.8 332
39.9 332
40.0 332
40.1 332
40.2 332
40.3 332
40.4 334
40.5 334
40.6 334
40.7 334
40.8 334
40.9 334
41.0 334
41.1 334
41.2 334
41.3 334
41.4 334
41.5 334
41.6 334
41.7 334
41.8 335
41.9 335
42.0 335
42.1 335
42.2 336
42.3 337
42.4 338
42.5 338
42.6 338
42.7 339
42.8 339
42.9 340
43.0 340
43.1 340
43.2 340
43.3 340
43.4 340
43.5 340
43.6 340
43.7 340
43.8 341
43.9 341
44.0 341
44.1 341
44.2 343
44.3 344
44.4 344
44.5 344
44.6 345
44.7 346
44.8 346
44.9 346
45.0 346
45.1 346
45.2 346
45.3 347
45.4 347
45.5 347
45.6 347
45.7 348
45.8 348
45.9 348
46.0 348
46.1 349
46.2 349
46.3 350
46.4 350
46.5 350
46.6 351
46.7 352
46.8 352
46.9 352
47.0 352
47.1 353
47.2 353
47.3 353
47.4 353
47.5 353
47.6 353
47.7 353
47.8 353
47.9 353
48.0 354
48.1 354
48.2 354
48.3 354
48.4 354
48.5 354
48.6 354
48.7 354
48.8 354
48.9 354
49.0 354
49.1 354
49.2 354
49.3 354
49.4 354
49.5 354
49.6 354
49.7 354
49.8 354
49.9 354
50.0 354
50.1 354
50.2 354
50.3 354
50.4 354
50.5 354
50.6 354
50.7 354
50.8 354
50.9 354
51.0 354
51.1 355
51.2 355
51.3 355
51.4 355
51.5 355
51.6 355
51.7 355
51.8 355
51.9 356
52.0 356
52.1 356
52.2 356
52.3 357
52.4 357
52.5 357
52.6 357
52.7 357
52.8 358
52.9 358
53.0 358
53.1 358
53.2 358
53.3 358
53.4 358
53.5 358
53.6 358
53.7 358
53.8 359
53.9 359
54.0 359
54.1 359
54.2 360
54.3 361
54.4 361
54.5 361
54.6 361
54.7 361
54.8 361
54.9 361
55.0 362
55.1 362
55.2 362
55.3 363
55.4 363
55.5 363
55.6 363
55.7 363
55.8 363
55.9 363
56.0 363
56.1 363
56.2 363
56.3 363
56.4 363
56.5 363
56.6 363
56.7 363
56.8 363
56.9 363
57.0 363
57.1 363
57.2 363
57.3 363
57.4 363
57.5 363
57.6 363
57.7 363
57.8 363
57.9 363
58.0 363
58.1 363
58.2 363
58.3 363
58.4 363
58.5 363
58.6 363
58.7 363
58.8 363
58.9 363
59.0 363
59.1 363
59.2 364
59.3 364
59.4 365
59.5 365
59.6 365
59.7 366
59.8 366
59.9 366
60.0 366
