8 8 0
8 8 -
8 8 -
36 118 3155
36 118 -
36 118 -
36 118 -
36 118 -
14 20 1
14 20 -
14 20 -
14 20 -
14 20 -
14 20 -
14 20 -
14 20 -
43 163 17642
43 163 -
43 163 -
43 163 -
43 163 -
43 163 -
43 163 -
43 163 -
43 163 -
43 163 -
43 163 -
43 163 -
30 91 706
30 91 -
30 91 -
30 91 -
38 142 3935
38 142 -
38 142 -
38 142 -
38 142 -
38 142 -
38 142 -
38 142 -
38 142 -
38 142 -
38 142 -
38 142 -
38 142 -
38 142 -
38 142 -
38 142 -
38 142 -
38 142 -
38 142 -
38 142 -
38 142 -
12 13 2
12 13 -
12 13 -
12 13 -
12 13 -
12 13 -
12 13 -
12 13 -
12 13 -
12 13 -
38 148 4773
38 148 -
38 148 -
38 148 -
38 148 -
38 148 -
38 148 -
38 148 -
38 148 -
38 148 -
35 119 3571
35 119 -
35 119 -
30 104 369
30 104 -
30 104 -
14 15 3
18 33 25
18 33 -
18 33 -
45 216 14164
45 216 -
45 216 -
45 216 -
45 216 -
45 216 -
45 216 -
45 216 -
45 216 -
45 216 -
11 7 0
50 262 33935
43 187 8159
43 187 -
43 187 -
43 187 -
43 187 -
43 187 -
43 187 -
21 35 51
11 11 1
17 37 13
17 37 -
37 140 2986
37 140 -
37 140 -
37 140 -
37 140 -
37 140 -
37 140 -
37 140 -
37 140 -
40 163 6819
40 163 -
40 163 -
44 173 32146
44 173 -
44 173 -
27 70 176
27 70 -
27 70 -
27 70 -
27 70 -
27 70 -
27 70 -
27 70 -
27 70 -
27 70 -
44 203 12580
44 203 -
44 203 -
44 203 -
44 203 -
44 203 -
44 203 -
44 203 -
44 203 -
44 203 -
44 203 -
44 203 -
44 203 -
44 203 -
44 203 -
44 203 -
44 203 -
44 203 -
44 203 -
44 203 -
44 203 -
44 203 -
44 203 -
44 203 -
44 175 29973
44 175 -
44 175 -
44 175 -
44 175 -
45 175 22876
45 175 -
43 164 24564
47 216 24651
31 102 983
31 102 -
31 102 -
36 142 1911
36 142 -
36 142 -
36 142 -
36 142 -
36 142 -
36 142 -
36 142 -
36 142 -
36 142 -
36 142 -
36 142 -
36 142 -
36 142 -
36 142 -
27 62 163
46 208 25647
46 208 -
9 7 0
9 7 -
9 7 -
29 93 445
29 93 -
29 93 -
29 93 -
29 93 -
29 93 -
29 93 -
29 93 -
29 93 -
45 178 24237
45 178 -
32 106 527
