10 0.001
11 0.002
12 0.002
13 0.003
14 0.004
15 0.005
16 0.005
17 0.007
18 0.009
19 0.010
20 0.013
21 0.014
22 0.019
23 0.021
24 0.022
25 0.027
26 0.032
27 0.037
28 0.042
29 0.047
30 0.053
31 0.060
32 0.069
33 0.077
34 0.084
35 0.096
36 0.105
37 0.121
38 0.131
39 0.150
40 0.154
41 0.175
42 0.183
43 0.199
44 0.233
45 0.252
46 0.265
47 0.290
48 0.320
49 0.325
50 0.360
51 0.466
52 0.504
53 0.551
54 0.576
55 0.624
56 0.688
57 0.690
58 0.778
59 0.839
60 0.872
61 0.970
62 0.996
63 1.086
64 1.141
65 1.200
66 1.244
67 1.408
68 1.370
69 1.508
70 1.622
71 1.777
72 1.832
73 1.975
74 2.000
75 2.171
76 2.303
77 2.437
78 2.540
79 2.796
80 2.881
81 3.063
82 3.209
83 3.354
84 3.544
85 3.697
86 3.868
87 4.038
88 4.326
89 4.593
90 4.786
91 4.789
92 5.157
93 5.407
94 5.467
95 5.839
96 6.319
97 6.287
98 6.963
99 7.122
100 7.374
101 9.661
102 10.120
103 10.295
104 10.204
105 11.662
106 12.154
107 12.374
108 12.035
109 13.138
110 14.118
111 14.540
112 15.063
113 14.582
114 16.435
115 17.931
116 17.927
117 16.992
118 18.689
119 19.107
120 19.532
121 20.096
122 22.832
123 21.921
124 21.646
125 24.943
126 24.819
127 24.748
128 25.887
129 29.017
130 28.474
131 31.455
132 32.862
133 31.352
134 33.875
135 33.659
136 35.856
137 37.746
138 38.171
139 40.900
140 38.847
141 43.071
142 42.424
143 44.191
144 46.988
145 49.301
146 51.335
147 53.694
148 50.284
149 52.972
