56 465 26659
12 15 1
14 22 3
31 118 387
62 578 59493
53 410 15731
44 286 3540
32 149 457
53 421 11800
61 595 31699
10 11 1
45 298 4535
44 275 5038
47 324 6963
37 196 987
10 15 1
38 227 908
45 294 4261
44 284 4090
38 195 1107
17 46 13
40 220 2190
30 133 220
29 115 194
18 44 11
51 397 8498
27 104 178
43 271 3239
11 18 2
43 277 2925
27 97 243
50 365 6220
46 317 5291
45 279 6264
35 187 550
14 25 5
57 471 44606
36 199 981
36 181 1638
52 392 12348
21 65 31
43 288 1605
58 491 39156
59 505 30084
30 130 340
11 17 1
