10 0.002
11 0.002
12 0.003
13 0.003
14 0.005
15 0.006
16 0.008
17 0.009
18 0.011
19 0.013
20 0.015
21 0.017
22 0.024
23 0.025
24 0.031
25 0.035
26 0.040
27 0.045
28 0.052
29 0.059
30 0.072
31 0.068
32 0.084
33 0.097
34 0.116
35 0.127
36 0.130
37 0.163
38 0.161
39 0.182
40 0.185
41 0.216
42 0.229
43 0.281
44 0.300
45 0.296
46 0.329
47 0.365
48 0.373
49 0.403
50 0.464
51 0.511
52 0.556
53 0.585
54 0.633
55 0.729
56 0.748
57 0.796
58 0.856
59 0.904
60 0.943
61 1.029
62 1.104
63 1.209
64 1.277
65 1.358
66 1.353
67 1.465
68 1.478
69 1.685
70 1.754
71 2.103
72 2.114
73 2.374
74 2.406
75 2.521
76 2.915
77 2.721
78 2.975
79 2.993
80 3.367
81 3.377
82 3.595
83 3.895
84 4.027
85 4.132
86 4.426
87 4.297
88 4.854
89 5.069
90 4.902
91 5.741
92 5.440
93 5.716
94 6.143
95 6.716
96 6.635
97 6.817
98 7.279
99 7.373
100 7.558
101 9.929
102 10.284
103 10.636
104 11.587
105 11.195
106 12.289
107 12.100
108 13.235
109 13.454
110 13.717
111 14.283
112 15.235
113 15.700
114 16.478
115 16.229
116 16.776
117 17.886
118 18.500
119 18.462
120 19.748
121 20.376
122 21.229
123 21.757
124 22.658
125 24.064
126 24.008
127 23.896
128 25.921
129 26.575
130 26.247
131 28.341
132 29.603
133 29.573
134 30.298
135 31.553
136 33.053
137 33.709
138 35.488
139 36.873
140 37.630
141 38.732
142 38.921
143 40.268
144 41.227
145 43.215
146 42.894
147 43.927
148 46.120
149 44.898
150 47.418
