10 0.001
11 0.002
12 0.003
13 0.003
14 0.005
15 0.006
16 0.008
17 0.009
18 0.011
19 0.013
20 0.014
21 0.019
22 0.022
23 0.027
24 0.030
25 0.036
26 0.040
27 0.056
28 0.061
29 0.069
30 0.079
31 0.088
32 0.098
33 0.105
34 0.133
35 0.135
36 0.142
37 0.177
38 0.193
39 0.223
40 0.243
41 0.285
42 0.287
43 0.319
44 0.375
45 0.398
46 0.414
47 0.495
48 0.485
49 0.573
50 0.634
51 0.766
52 0.808
53 0.890
54 0.983
55 1.073
56 1.120
57 1.258
58 1.357
59 1.432
60 1.521
61 1.735
62 1.716
63 2.043
64 2.164
65 2.111
66 2.512
67 2.611
68 2.881
69 2.850
70 3.304
71 3.080
72 3.396
73 3.639
74 3.822
75 3.916
76 4.453
77 4.802
78 4.751
79 4.944
80 5.635
81 5.773
82 6.831
83 6.659
84 6.988
85 6.942
86 8.229
87 8.279
88 8.747
89 9.068
90 10.219
91 10.497
92 10.830
93 12.233
94 12.533
95 13.335
96 12.972
97 14.467
98 15.321
99 15.721
100 16.947
101	18.278
102	19.292
103	19.209
104	20.666
105	21.393
106	22.681
107	24.424
108	24.582
109	25.934
110	27.182
111	28.612
112	31.169
113	32.076
114	33.479
115	36.415
116	36.350
117	37.814
118	40.309
119	40.410
120	44.009
121	45.802
122	48.559
123	49.952
124	52.689
125	51.954
126	53.380

