10 0.001
11 0.002
12 0.003
13 0.003
14 0.004
15 0.006
16 0.006
17 0.007
18 0.010
19 0.012
20 0.016
21 0.019
22 0.022
23 0.033
24 0.039
25 0.036
26 0.052
27 0.081
28 0.081
29 0.083
30 0.086
31 0.114
32 0.114
33 0.147
34 0.153
35 0.166
36 0.222
37 0.220
38 0.264
39 0.258
40 0.344
41 0.363
42 0.384
43 0.454
44 0.532
45 0.593
46 0.648
47 0.767
48 0.778
49 0.850
50 1.049
51 1.228
52 1.527
53 1.523
54 1.767
55 2.006
56 2.050
57 2.273
58 2.474
59 2.652
60 2.870
61 3.347
62 3.892
63 3.754
64 4.222
65 4.547
66 5.235
67 5.409
68 5.738
69 6.120
70 7.342
71 6.695
72 6.795
73 7.401
74 8.511
75 8.427
76 9.495
77 10.017
78 11.321
79 12.151
80 12.283
81 12.908
82 15.460
83 15.915
84 16.215
85 20.123
86 18.285
87 21.557
88 21.363
89 23.764
90 25.074
91 26.742
92 27.638
93 30.034
94 31.341
95 34.085
96 39.427
97 38.634
98 41.166
99 41.432
100 44.479
101 55.315
