38 420 190
52 809 764
52 809 -
38 411 201
124 4599 52479
124 4599 -
124 4599 -
99 2903 17516
99 2903 -
99 2903 -
96 2771 12881
96 2771 -
120 4296 42629
120 4296 -
124 4538 56827
46 602 486
46 602 -
46 602 -
36 368 169
36 368 -
88 2299 8741
45 604 381
45 604 -
11 33 2
117 4015 41208
117 4015 -
65 1237 2423
78 1758 5513
78 1758 -
78 1758 -
78 1758 -
115 3972 31129
85 2152 7982
85 2152 -
77 1773 4631
108 3433 27564
113 3849 30851
95 2731 11585
30 261 91
99 2914 15279
47 660 500
47 660 -
85 2078 9099
14 52 6
14 52 -
71 1477 3418
71 1477 -
100 2948 18046
69 1412 3030
43 526 376
43 526 -
80 1888 5800
125 4667 50778
57 963 1121
45 590 492
97 2844 13727
97 2844 -
12 40 3
12 40 -
12 40 -
73 1543 3782
35 358 172
99 2849 20079
99 2849 -
89 2324 9683
44 588 395
97 2835 13950
27 209 59
82 2017 5355
82 2017 -
113 3803 35430
112 3734 31909
112 3734 -
104 3251 21238
37 391 189
127 4833 54762
127 4833 -
127 4833 -
69 1431 2630
117 4039 41273
117 4039 -
117 4039 -
10 28 2
44 574 356
44 574 -
122 4427 46047
122 4427 -
100 3025 15432
100 3025 -
100 2960 16785
126 4711 57808
126 4711 -
82 1986 7072
121 4391 42014
90 2419 9857
77 1738 5256
66 1263 2428
66 1263 -
90 2413 9864
90 2413 -
90 2413 -
90 2413 -
90 2413 -
119 4253 38913
119 4253 -
53 838 795
51 791 737
120 4276 45346
120 4276 -
120 4276 -
17 77 10
111 3663 30104
111 3663 -
111 3663 -
21 130 22
21 130 -
21 130 -
94 2625 12206
94 2625 -
94 2625 -
94 2625 -
27 212 64
90 2365 10527
90 2365 -
117 4085 35716
117 4085 -
112 3759 29520
112 3759 -
112 3759 -
45 566 428
100 2930 18891
91 2436 10372
91 2436 -
118 4156 38380
112 3722 28990
120 4298 42579
53 833 809
43 533 347
43 533 -
89 2323 9010
109 3510 27147
109 3510 -
109 3510 -
56 901 1185
93 2557 11173
44 572 369
14 62 6
36 364 166
81 1919 6357
112 3757 26792
30 263 73
30 263 -
30 263 -
61 1114 1481
89 2389 8946
71 1491 3190
50 777 537
50 777 -
105 3259 21556
118 4146 45063
118 4146 -
31 273 98
62 1151 1731
85 2209 7402
59 1014 1444
59 1014 -
59 1014 -
59 1014 -
72 1530 3926
115 3929 34549
29 244 73
29 244 -
101 3022 18254
101 3022 -
32 307 107
84 2098 6919
89 2367 8931
43 525 299
89 2390 8968
58 971 1321
18 94 15
95 2715 12566
95 2715 -
135 5421 52262
122 4503 34854
10 23 1
10 23 -
91 2428 9756
98 2806 16376
69 1440 2702
103 3153 18519
103 3178 18263
102 3088 17598
105 3244 19546
40 478 219
11 32 2
99 2909 13052
99 2909 -
64 1206 1902
64 1206 -
