30 22 149
30 22 -
30 22 -
30 22 -
30 22 -
30 22 -
27 15 43
27 15 -
27 15 -
27 15 -
40 34 5252
40 34 -
40 34 -
40 34 -
40 34 -
40 34 -
40 34 -
40 34 -
40 34 -
30 18 88
30 18 -
30 18 -
30 18 -
30 18 -
30 18 -
30 18 -
30 18 -
38 40 2367
38 40 -
30 17 224
30 17 -
35 22 349
35 22 -
35 22 -
35 22 -
35 22 -
35 22 -
35 22 -
35 22 -
35 22 -
35 22 -
35 22 -
35 22 -
35 22 -
36 30 2768
36 30 -
36 30 -
36 30 -
36 30 -
36 30 -
36 30 -
36 30 -
36 30 -
36 30 -
36 30 -
36 44 17155
36 44 -
36 44 -
36 44 -
36 44 -
36 41 7518
36 41 -
36 41 -
36 41 -
36 41 -
36 41 -
36 41 -
36 41 -
36 41 -
36 41 -
36 41 -
36 41 -
9 1 0
9 1 -
9 1 -
9 1 -
9 1 -
9 1 -
13 5 0
29 14 16
29 14 -
29 14 -
29 14 -
29 14 -
29 14 -
29 14 -
29 14 -
27 17 110
27 17 -
10 3 0
10 3 -
10 3 -
10 3 -
10 3 -
10 3 -
10 3 -
10 3 -
10 3 -
10 3 -
10 3 -
10 3 -
10 3 -
10 3 -
10 3 -
10 3 -
10 3 -
10 3 -
10 3 -
10 3 -
10 3 -
10 3 -
12 5 0
12 5 -
12 5 -
12 5 -
12 5 -
12 5 -
12 5 -
12 5 -
12 5 -
12 5 -
12 5 -
12 5 -
12 5 -
12 5 -
12 5 -
12 5 -
12 5 -
12 5 -
12 5 -
12 5 -
12 5 -
12 5 -
44 45 21262
44 45 -
44 45 -
44 45 -
44 45 -
44 45 -
44 45 -
44 45 -
44 45 -
8 1 0
8 1 -
8 1 -
8 1 -
8 1 -
8 1 -
8 1 -
8 1 -
8 1 -
32 24 841
32 24 -
32 24 -
32 24 -
32 24 -
32 24 -
14 1 0
14 1 -
14 1 -
14 1 -
14 1 -
14 1 -
43 53 26404
43 53 -
43 53 -
43 53 -
43 53 -
43 53 -
21 11 2
21 11 -
14 6 1
14 6 -
44 57 31516
44 57 -
45 44 32100
45 44 -
45 44 -
45 44 -
45 44 -
38 42 7899
38 42 -
44 48 8619
44 48 -
44 48 -
44 48 -
44 48 -
44 48 -
44 48 -
44 48 -
18 4 0
18 4 -
18 4 -
18 4 -
18 4 -
11 5 0
11 5 -
11 5 -
11 5 -
11 5 -
