0.0 25
0.1 27
0.2 28
0.3 30
0.4 30
0.5 32
0.6 32
0.7 32
0.8 33
0.9 33
1.0 33
1.1 33
1.2 33
1.3 33
1.4 33
1.5 33
1.6 33
1.7 33
1.8 33
1.9 33
2.0 33
2.1 33
2.2 33
2.3 33
2.4 34
2.5 35
2.6 35
2.7 35
2.8 35
2.9 36
3.0 37
3.1 37
3.2 37
3.3 37
3.4 37
3.5 37
3.6 37
3.7 37
3.8 37
3.9 37
4.0 37
4.1 37
4.2 37
4.3 37
4.4 37
4.5 38
4.6 38
4.7 38
4.8 38
4.9 38
5.0 38
5.1 38
5.2 39
5.3 39
5.4 39
5.5 40
5.6 40
5.7 40
5.8 40
5.9 40
6.0 40
6.1 40
6.2 40
6.3 40
6.4 40
6.5 40
6.6 40
6.7 40
6.8 40
6.9 40
7.0 40
7.1 40
7.2 40
7.3 40
7.4 41
7.5 41
7.6 41
7.7 41
7.8 41
7.9 41
8.0 42
8.1 43
8.2 43
8.3 43
8.4 43
8.5 43
8.6 43
8.7 44
8.8 44
8.9 44
9.0 44
9.1 44
9.2 44
9.3 44
9.4 44
9.5 44
9.6 44
9.7 44
9.8 44
9.9 44
10.0 44
10.1 44
10.2 44
10.3 44
10.4 44
10.5 44
10.6 44
10.7 44
10.8 44
10.9 44
11.0 44
11.1 44
11.2 44
11.3 44
11.4 44
11.5 44
11.6 44
11.7 44
11.8 44
11.9 44
12.0 44
12.1 45
12.2 45
12.3 45
12.4 45
12.5 45
12.6 45
12.7 45
12.8 45
12.9 45
13.0 45
13.1 45
13.2 45
13.3 45
13.4 45
13.5 45
13.6 45
13.7 45
13.8 45
13.9 45
14.0 45
14.1 45
14.2 45
14.3 45
14.4 45
14.5 45
14.6 45
14.7 45
14.8 45
14.9 45
15.0 45
15.1 45
15.2 45
15.3 45
15.4 45
15.5 45
15.6 45
15.7 45
15.8 45
15.9 45
16.0 45
16.1 45
16.2 45
16.3 45
16.4 45
16.5 45
16.6 45
16.7 45
16.8 45
16.9 45
17.0 46
17.1 46
17.2 46
17.3 46
17.4 46
17.5 46
17.6 46
17.7 46
17.8 46
17.9 46
18.0 46
18.1 46
18.2 46
18.3 46
18.4 46
18.5 46
18.6 46
18.7 46
18.8 46
18.9 46
19.0 46
19.1 46
19.2 46
19.3 46
19.4 46
19.5 46
19.6 46
19.7 46
19.8 46
19.9 46
20.0 46
20.1 46
20.2 46
20.3 46
20.4 46
20.5 46
20.6 46
20.7 46
20.8 46
20.9 46
21.0 46
21.1 46
21.2 46
21.3 46
21.4 46
21.5 46
21.6 47
21.7 47
21.8 47
21.9 47
22.0 47
22.1 47
22.2 47
22.3 47
22.4 47
22.5 47
22.6 47
22.7 47
22.8 47
22.9 47
23.0 47
23.1 47
23.2 47
23.3 47
23.4 47
23.5 47
23.6 47
23.7 47
23.8 47
23.9 47
24.0 47
24.1 47
24.2 47
24.3 47
24.4 47
24.5 47
24.6 47
24.7 47
24.8 47
24.9 47
25.0 47
25.1 47
25.2 47
25.3 47
25.4 47
25.5 47
25.6 47
25.7 47
25.8 47
25.9 47
26.0 47
26.1 47
26.2 47
26.3 48
26.4 48
26.5 48
26.6 48
26.7 48
26.8 49
26.9 49
27.0 49
27.1 49
27.2 49
27.3 49
27.4 49
27.5 49
27.6 49
27.7 49
27.8 49
27.9 49
28.0 49
28.1 49
28.2 49
28.3 49
28.4 49
28.5 49
28.6 49
28.7 49
28.8 49
28.9 50
29.0 50
29.1 50
29.2 50
29.3 50
29.4 50
29.5 50
29.6 50
29.7 50
29.8 50
29.9 50
30.0 50
30.1 50
30.2 50
30.3 50
30.4 50
30.5 50
30.6 50
30.7 50
30.8 50
30.9 51
31.0 51
31.1 51
31.2 51
31.3 51
31.4 51
31.5 51
31.6 51
31.7 51
31.8 51
31.9 52
32.0 52
32.1 52
32.2 52
32.3 52
32.4 52
32.5 52
32.6 52
32.7 52
32.8 52
32.9 52
33.0 52
33.1 52
33.2 52
33.3 52
33.4 52
33.5 52
33.6 52
33.7 52
33.8 52
33.9 52
34.0 52
34.1 52
34.2 52
34.3 52
34.4 52
34.5 52
34.6 52
34.7 52
34.8 52
34.9 52
35.0 52
35.1 52
35.2 52
35.3 52
35.4 52
35.5 52
35.6 52
35.7 52
35.8 52
35.9 53
36.0 53
36.1 53
36.2 53
36.3 53
36.4 53
36.5 53
36.6 53
36.7 53
36.8 53
36.9 53
37.0 53
37.1 53
37.2 53
37.3 53
37.4 53
37.5 53
37.6 53
37.7 53
37.8 53
37.9 53
38.0 53
38.1 53
38.2 53
38.3 53
38.4 53
38.5 53
38.6 53
38.7 53
38.8 53
38.9 53
39.0 53
39.1 53
39.2 53
39.3 53
39.4 53
39.5 53
39.6 53
39.7 53
39.8 53
39.9 53
40.0 53
40.1 53
40.2 53
40.3 53
40.4 53
40.5 53
40.6 53
40.7 53
40.8 53
40.9 53
41.0 53
41.1 53
41.2 53
41.3 53
41.4 53
41.5 53
41.6 53
41.7 53
41.8 53
41.9 53
42.0 53
42.1 53
42.2 53
42.3 53
42.4 53
42.5 53
42.6 53
42.7 53
42.8 53
42.9 53
43.0 53
43.1 53
43.2 53
43.3 53
43.4 53
43.5 53
43.6 53
43.7 53
43.8 53
43.9 53
44.0 53
44.1 53
44.2 54
44.3 54
44.4 54
44.5 54
44.6 54
44.7 54
44.8 54
44.9 54
45.0 54
45.1 54
45.2 54
45.3 54
45.4 54
45.5 54
45.6 54
45.7 54
45.8 54
45.9 54
46.0 54
46.1 54
46.2 54
46.3 54
46.4 54
46.5 54
46.6 54
46.7 54
46.8 54
46.9 54
47.0 54
47.1 54
47.2 54
47.3 54
47.4 54
47.5 54
47.6 54
47.7 54
47.8 54
47.9 54
48.0 54
48.1 54
48.2 54
48.3 54
48.4 54
48.5 54
48.6 54
48.7 54
48.8 54
48.9 54
49.0 54
49.1 54
49.2 54
49.3 54
49.4 54
49.5 54
49.6 54
49.7 54
49.8 54
49.9 54
50.0 54
50.1 54
50.2 54
50.3 54
50.4 54
50.5 54
50.6 54
50.7 54
50.8 54
50.9 54
51.0 54
51.1 54
51.2 54
51.3 54
51.4 54
51.5 54
51.6 54
51.7 54
51.8 54
51.9 54
52.0 54
52.1 54
52.2 54
52.3 54
52.4 54
52.5 54
52.6 54
52.7 54
52.8 54
52.9 54
53.0 54
53.1 54
53.2 54
53.3 54
53.4 54
53.5 54
53.6 54
53.7 54
53.8 54
53.9 54
54.0 54
54.1 54
54.2 54
54.3 54
54.4 54
54.5 54
54.6 54
54.7 54
54.8 54
54.9 54
55.0 54
55.1 54
55.2 54
55.3 54
55.4 54
55.5 54
55.6 54
55.7 54
55.8 54
55.9 54
56.0 54
56.1 54
56.2 54
56.3 54
56.4 54
56.5 54
56.6 54
56.7 54
56.8 54
56.9 54
57.0 54
57.1 54
57.2 54
57.3 54
57.4 54
57.5 54
57.6 54
57.7 54
57.8 54
57.9 54
58.0 54
58.1 54
58.2 54
58.3 54
58.4 54
58.5 54
58.6 54
58.7 54
58.8 54
58.9 54
59.0 54
59.1 54
59.2 54
59.3 54
59.4 54
59.5 54
59.6 54
59.7 54
59.8 54
59.9 54
60.0 54
