10 0.002
11 0.003
12 0.004
13 0.005
14 0.006
15 0.008
16 0.011
17 0.014
18 0.016
19 0.019
20 0.023
21 0.027
22 0.033
23 0.037
24 0.043
25 0.052
26 0.056
27 0.067
28 0.080
29 0.086
30 0.099
31 0.111
32 0.123
33 0.134
34 0.168
35 0.183
36 0.192
37 0.216
38 0.228
39 0.247
40 0.279
41 0.323
42 0.345
43 0.378
44 0.398
45 0.446
46 0.489
47 0.524
48 0.551
49 0.622
50 0.643
51 0.669
52 0.727
53 0.756
54 0.827
55 0.892
56 0.925
57 1.039
58 1.105
59 1.174
60 1.258
61 1.325
62 1.445
63 1.524
64 1.551
65 1.708
66 1.814
67 1.921
68 2.006
69 2.182
70 2.176
71 3.122
72 3.385
73 3.477
74 3.704
75 4.031
76 4.019
77 4.216
78 4.585
79 4.765
80 4.863
81 5.336
82 5.317
83 5.874
84 5.991
85 6.385
86 6.636
87 6.958
88 7.048
89 7.454
90 7.967
91 8.288
92 8.251
93 8.959
94 9.439
95 9.712
96 10.154
97 10.245
98 11.130
99 11.665
100 11.928
101 12.586
102 13.248
103 13.598
104 14.063
105 14.757
106 14.935
107 15.621
108 16.766
109 16.948
110 17.951
111 18.324
112 18.790
113 19.375
114 20.278
115 20.986
116 22.141
117 22.520
118 23.366
119 23.181
120 24.649
121 25.418
122 26.544
123 26.948
124 27.833
125 29.018
126 30.000
127 30.957
128 31.730
129 32.721
130 34.698
131 35.118
132 37.776
133 36.613
134 38.509
135 38.750
136 41.463
137 41.311
138 43.339
139 44.096
140 45.131
141 46.651
142 46.178
143 48.925
144 49.799
145 51.304
146 54.295
147 51.481
148 55.912
