17 71 4
11 32 1
66 1069 4362
69 1173 5973
80 1621 12166
21 114 18
64 1023 3974
65 1033 5001
40 387 468
89 1974 27763
71 1227 7589
31 241 116
89 1916 28598
85 1825 17857
93 2159 33509
100 2468 48072
36 307 227
45 511 548
43 469 563
27 174 66
45 489 588
53 716 1485
85 1798 17496
73 1357 7619
100 2512 45371
10 20 1
77 1444 11133
82 1716 11662
14 45 4
84 1731 21167
95 2238 44256
50 588 1110
14 43 6
78 1500 11729
62 906 4100
99 2462 54358
36 318 223
91 2040 32758
45 490 695
71 1233 8536
53 649 2031
30 198 146
94 2193 34551
58 859 2074
99 2436 51983
91 2038 29489
88 1935 21332
32 251 170
72 1282 8500
69 1211 5027
51 625 1341
56 805 1766
59 825 3082
89 1958 28176
43 474 480
52 646 1459
43 464 454
85 1805 20923
90 1961 34398
96 2256 42274
69 1194 5238
90 1960 31355
97 2341 39631
89 1950 31857
89 1939 28937
44 469 647
37 344 255
77 1510 9875
47 523 1110
44 457 767
35 293 151
100 2489 52353
97 2346 44393
27 173 68
44 470 569
12 33 4
10 27 2
61 928 2700
30 226 100
100 2553 42792
99 2429 53889
81 1635 16102
98 2413 42424
38 349 355
29 197 98
99 2453 47106
46 519 777
11 27 2
95 2220 44780
38 352 270
90 2016 26044
57 819 2492
82 1640 19993
105 2726 44286
113 3169 52824
18 73 11
