36 239 494
36 239 -
36 239 -
36 239 -
36 239 -
36 239 -
14 39 2
31 172 168
31 172 -
31 172 -
31 172 -
31 172 -
31 172 -
37 267 376
37 267 -
11 23 1
11 23 -
11 23 -
11 23 -
69 973 15396
84 1414 59046
84 1414 -
84 1414 -
84 1414 -
10 20 4
29 162 151
61 761 7844
61 761 -
61 761 -
61 761 -
21 87 18
21 87 -
21 87 -
21 87 -
30 170 159
30 170 -
30 170 -
72 1028 32283
72 1028 -
32 216 211
32 216 -
45 396 1371
44 359 1473
44 359 -
10 26 2
10 26 -
10 26 -
10 26 -
10 26 -
10 26 -
36 221 700
71 1031 25867
71 1031 -
71 1031 -
71 1031 -
71 1031 -
71 1031 -
71 1031 -
71 1031 -
71 1031 -
71 1031 -
71 1031 -
71 1031 -
71 1031 -
71 1031 -
12 29 3
12 29 -
12 29 -
53 528 5183
53 528 -
53 528 -
78 1254 34410
78 1254 -
78 1254 -
78 1254 -
78 1254 -
78 1254 -
78 1254 -
78 1254 -
78 1254 -
78 1254 -
78 1254 -
78 1254 -
78 1254 -
78 1254 -
78 1254 -
78 1254 -
78 1254 -
78 1254 -
78 1254 -
78 1254 -
78 1254 -
78 1254 -
78 1254 -
11 23 3
11 23 -
11 23 -
11 23 -
11 23 -
11 23 -
11 23 -
11 23 -
11 23 -
11 23 -
11 23 -
43 382 1063
43 382 -
45 401 1239
56 647 3320
56 647 -
56 647 -
53 569 3116
62 734 12162
62 734 -
46 400 2099
27 147 89
27 139 105
65 823 15097
65 823 -
65 823 -
65 823 -
65 823 -
43 338 1242
43 338 -
43 338 -
51 494 2867
51 494 -
51 494 -
51 494 -
35 228 314
35 228 -
35 228 -
35 228 -
35 228 -
69 951 19204
69 951 -
69 951 -
69 951 -
18 63 16
18 63 -
18 63 -
17 47 12
47 441 1695
47 441 -
47 441 -
47 441 -
73 1061 28066
45 405 1609
77 1156 59479
64 805 10540
64 805 -
38 266 635
44 379 1326
44 379 -
44 379 -
44 379 -
44 379 -
44 379 -
66 869 19603
66 869 -
66 869 -
66 869 -
66 869 -
66 869 -
69 963 19937
69 963 -
69 963 -
69 963 -
30 187 105
30 187 -
40 325 612
77 1180 45620
77 1180 -
77 1180 -
71 967 30412
71 967 -
71 967 -
71 967 -
50 482 2723
50 482 -
50 482 -
50 482 -
57 648 5298
57 648 -
52 524 4036
52 524 -
59 692 7355
43 343 1074
14 39 4
14 39 -
14 39 -
44 399 1168
44 399 -
44 399 -
44 399 -
44 399 -
44 399 -
38 269 592
38 269 -
58 685 6354
