30 22 0
99 272 48
27 15 0
148 520 205
112 293 19
40 34 0
97 240 22
98 238 14
66 101 3
30 18 0
91 238 41
99 254 14
44 50 0
120 334 32
38 40 0
30 17 0
73 147 7
35 22 0
89 191 8
95 214 15
96 224 16
80 136 5
89 189 7
125 368 54
46 44 0
36 30 0
56 77 2
105 266 42
65 95 2
58 95 3
105 287 20
36 44 1
47 39 0
85 169 6
93 210 9
36 41 1
122 364 138
99 240 16
118 329 37
64 107 4
97 250 25
112 296 32
117 348 26
9 1 0
71 124 5
89 193 7
13 5 0
29 14 0
51 74 2
117 323 58
82 178 9
89 201 7
57 73 1
53 56 1
43 54 1
27 17 0
69 132 5
10 3 0
124 373 206
112 291 19
109 290 48
115 334 62
141 477 231
121 364 116
117 356 71
85 192 7
100 243 11
102 264 13
90 207 10
72 120 3
81 192 7
12 5 0
45 59 1
69 136 5
100 236 17
108 286 24
119 339 121
129 402 58
88 178 6
147 557 372
99 239 21
62 90 3
78 150 7
120 337 38
104 240 13
90 188 7
44 45 0
53 69 1
71 129 3
52 70 1
122 376 40
8 1 0
89 198 7
59 96 4
95 217 9
77 138 5
32 24 0
81 159 7
124 396 153
118 358 59
14 1 0
113 328 27
100 270 9
91 204 11
69 144 4
43 53 0
120 365 50
101 260 17
43 49 1
85 164 15
21 11 0
14 6 0
44 57 0
45 44 1
139 469 86
38 42 0
94 213 9
44 48 1
61 97 2
103 268 40
100 241 21
112 318 62
18 4 0
77 126 3
11 5 0
84 153 5
90 204 8
50 67 1
