0.0 66
0.1 84
0.2 98
0.3 102
0.4 111
0.5 119
0.6 127
0.7 132
0.8 134
0.9 137
1.0 142
1.1 143
1.2 148
1.3 151
1.4 154
1.5 158
1.6 162
1.7 163
1.8 166
1.9 167
2.0 169
2.1 171
2.2 172
2.3 174
2.4 174
2.5 178
2.6 178
2.7 178
2.8 180
2.9 181
3.0 182
3.1 184
3.2 186
3.3 187
3.4 187
3.5 190
3.6 191
3.7 191
3.8 192
3.9 192
4.0 193
4.1 194
4.2 194
4.3 198
4.4 198
4.5 199
4.6 199
4.7 200
4.8 201
4.9 202
5.0 202
5.1 202
5.2 203
5.3 204
5.4 206
5.5 209
5.6 209
5.7 212
5.8 212
5.9 213
6.0 213
6.1 214
6.2 214
6.3 214
6.4 215
6.5 216
6.6 216
6.7 216
6.8 218
6.9 218
7.0 218
7.1 218
7.2 219
7.3 221
7.4 222
7.5 222
7.6 223
7.7 223
7.8 225
7.9 225
8.0 225
8.1 228
8.2 228
8.3 228
8.4 230
8.5 230
8.6 230
8.7 230
8.8 230
8.9 230
9.0 231
9.1 231
9.2 232
9.3 233
9.4 233
9.5 233
9.6 234
9.7 234
9.8 236
9.9 236
10.0 237
10.1 237
10.2 240
10.3 240
10.4 241
10.5 242
10.6 242
10.7 242
10.8 242
10.9 243
11.0 243
11.1 243
11.2 243
11.3 244
11.4 246
11.5 246
11.6 246
11.7 246
11.8 248
11.9 249
12.0 250
12.1 250
12.2 250
12.3 251
12.4 251
12.5 251
12.6 251
12.7 252
12.8 254
12.9 255
13.0 257
13.1 258
13.2 259
13.3 260
13.4 260
13.5 260
13.6 260
13.7 262
13.8 262
13.9 262
14.0 263
14.1 263
14.2 263
14.3 263
14.4 263
14.5 263
14.6 264
14.7 264
14.8 265
14.9 265
15.0 265
15.1 265
15.2 266
15.3 266
15.4 267
15.5 267
15.6 267
15.7 269
15.8 270
15.9 270
16.0 271
16.1 271
16.2 272
16.3 272
16.4 272
16.5 272
16.6 272
16.7 272
16.8 272
16.9 272
17.0 273
17.1 273
17.2 273
17.3 273
17.4 274
17.5 275
17.6 275
17.7 276
17.8 276
17.9 276
18.0 277
18.1 278
18.2 278
18.3 279
18.4 280
18.5 280
18.6 280
18.7 280
18.8 280
18.9 281
19.0 281
19.1 281
19.2 281
19.3 282
19.4 282
19.5 282
19.6 282
19.7 283
19.8 284
19.9 284
20.0 284
20.1 284
20.2 285
20.3 286
20.4 287
20.5 287
20.6 287
20.7 287
20.8 287
20.9 287
21.0 288
21.1 288
21.2 288
21.3 288
21.4 289
21.5 290
21.6 290
21.7 290
21.8 290
21.9 291
22.0 291
22.1 292
22.2 292
22.3 292
22.4 293
22.5 293
22.6 294
22.7 294
22.8 294
22.9 294
23.0 294
23.1 294
23.2 294
23.3 294
23.4 294
23.5 295
23.6 295
23.7 295
23.8 295
23.9 295
24.0 296
24.1 296
24.2 296
24.3 296
24.4 296
24.5 297
24.6 297
24.7 297
24.8 297
24.9 297
25.0 297
25.1 297
25.2 297
25.3 297
25.4 297
25.5 297
25.6 297
25.7 297
25.8 297
25.9 297
26.0 297
26.1 297
26.2 297
26.3 297
26.4 297
26.5 297
26.6 297
26.7 297
26.8 297
26.9 297
27.0 297
27.1 297
27.2 298
27.3 298
27.4 298
27.5 298
27.6 299
27.7 299
27.8 300
27.9 300
28.0 300
28.1 302
28.2 302
28.3 302
28.4 302
28.5 302
28.6 302
28.7 303
28.8 304
28.9 305
29.0 305
29.1 306
29.2 306
29.3 306
29.4 306
29.5 307
29.6 307
29.7 307
29.8 307
29.9 307
30.0 307
30.1 307
30.2 307
30.3 307
30.4 307
30.5 307
30.6 308
30.7 308
30.8 310
30.9 310
31.0 312
31.1 312
31.2 312
31.3 312
31.4 312
31.5 312
31.6 314
31.7 314
31.8 315
31.9 315
32.0 315
32.1 315
32.2 316
32.3 316
32.4 316
32.5 316
32.6 317
32.7 318
32.8 319
32.9 319
33.0 319
33.1 319
33.2 319
33.3 319
33.4 319
33.5 319
33.6 320
33.7 321
33.8 321
33.9 322
34.0 322
34.1 322
34.2 322
34.3 323
34.4 323
34.5 323
34.6 323
34.7 323
34.8 324
34.9 324
35.0 324
35.1 324
35.2 324
35.3 324
35.4 324
35.5 325
35.6 325
35.7 325
35.8 325
35.9 325
36.0 325
36.1 325
36.2 325
36.3 325
36.4 325
36.5 325
36.6 325
36.7 325
36.8 326
36.9 326
37.0 326
37.1 326
37.2 326
37.3 327
37.4 327
37.5 327
37.6 327
37.7 327
37.8 327
37.9 327
38.0 328
38.1 328
38.2 328
38.3 328
38.4 328
38.5 328
38.6 328
38.7 328
38.8 328
38.9 328
39.0 328
39.1 328
39.2 328
39.3 328
39.4 328
39.5 329
39.6 329
39.7 329
39.8 329
39.9 330
40.0 330
40.1 330
40.2 330
40.3 330
40.4 330
40.5 330
40.6 330
40.7 330
40.8 330
40.9 331
41.0 332
41.1 332
41.2 332
41.3 332
41.4 333
41.5 334
41.6 334
41.7 334
41.8 334
41.9 334
42.0 335
42.1 335
42.2 336
42.3 336
42.4 336
42.5 336
42.6 336
42.7 338
42.8 338
42.9 339
43.0 339
43.1 339
43.2 340
43.3 340
43.4 340
43.5 341
43.6 341
43.7 341
43.8 341
43.9 343
44.0 343
44.1 343
44.2 343
44.3 343
44.4 343
44.5 343
44.6 343
44.7 343
44.8 344
44.9 344
45.0 345
45.1 345
45.2 345
45.3 345
45.4 345
45.5 345
45.6 345
45.7 345
45.8 346
45.9 348
46.0 348
46.1 348
46.2 348
46.3 348
46.4 349
46.5 349
46.6 349
46.7 349
46.8 350
46.9 351
47.0 351
47.1 351
47.2 351
47.3 351
47.4 351
47.5 351
47.6 351
47.7 351
47.8 351
47.9 351
48.0 351
48.1 351
48.2 352
48.3 352
48.4 353
48.5 353
48.6 353
48.7 353
48.8 354
48.9 354
49.0 354
49.1 354
49.2 354
49.3 354
49.4 354
49.5 354
49.6 354
49.7 354
49.8 355
49.9 355
50.0 355
50.1 355
50.2 355
50.3 355
50.4 356
50.5 356
50.6 356
50.7 356
50.8 356
50.9 356
51.0 356
51.1 356
51.2 356
51.3 356
51.4 356
51.5 356
51.6 356
51.7 356
51.8 356
51.9 356
52.0 356
52.1 356
52.2 356
52.3 356
52.4 356
52.5 356
52.6 356
52.7 356
52.8 356
52.9 357
53.0 357
53.1 357
53.2 357
53.3 357
53.4 357
53.5 358
53.6 359
53.7 359
53.8 359
53.9 359
54.0 359
54.1 359
54.2 360
54.3 360
54.4 360
54.5 360
54.6 360
54.7 360
54.8 360
54.9 360
55.0 361
55.1 361
55.2 361
55.3 361
55.4 361
55.5 361
55.6 361
55.7 361
55.8 361
55.9 362
56.0 362
56.1 362
56.2 362
56.3 362
56.4 363
56.5 364
56.6 364
56.7 364
56.8 364
56.9 364
57.0 364
57.1 364
57.2 364
57.3 364
57.4 364
57.5 364
57.6 364
57.7 364
57.8 364
57.9 364
58.0 364
58.1 364
58.2 364
58.3 364
58.4 364
58.5 365
58.6 365
58.7 365
58.8 365
58.9 365
59.0 365
59.1 366
59.2 366
59.3 366
59.4 366
59.5 366
59.6 368
59.7 369
59.8 369
59.9 369
60.0 369
