8 8 0
8 8 -
8 8 -
36 118 9
36 118 -
36 118 -
52 241 38059
52 241 -
14 20 0
14 20 -
14 20 -
14 20 -
14 20 -
14 20 -
14 20 -
14 20 -
43 163 7455
43 163 -
43 163 -
43 163 -
43 163 -
43 163 -
43 163 -
43 163 -
43 163 -
43 163 -
43 163 -
43 163 -
30 91 3
30 91 -
30 91 -
30 91 -
38 142 12
38 142 -
38 142 -
38 142 -
38 142 -
38 142 -
38 142 -
38 142 -
38 142 -
38 142 -
38 142 -
38 142 -
38 142 -
38 142 -
38 142 -
38 142 -
38 142 -
38 142 -
38 142 -
38 142 -
38 142 -
12 13 0
12 13 -
12 13 -
12 13 -
12 13 -
12 13 -
12 13 -
12 13 -
12 13 -
12 13 -
38 148 24
38 148 -
38 148 -
38 148 -
38 148 -
38 148 -
38 148 -
38 148 -
38 148 -
38 148 -
35 119 86
35 119 -
35 119 -
30 104 7
30 104 -
30 104 -
14 15 0
18 33 0
18 33 -
18 33 -
45 216 14162
45 216 -
45 216 -
45 216 -
45 216 -
45 216 -
45 216 -
45 216 -
45 216 -
45 216 -
11 7 0
50 262 34097
43 187 1275
43 187 -
43 187 -
43 187 -
43 187 -
43 187 -
43 187 -
21 35 0
11 11 0
17 37 1
17 37 -
37 140 1030
37 140 -
37 140 -
37 140 -
37 140 -
37 140 -
37 140 -
37 140 -
37 140 -
40 163 2164
40 163 -
40 163 -
44 173 14792
44 173 -
44 173 -
27 70 1
27 70 -
27 70 -
27 70 -
27 70 -
27 70 -
27 70 -
27 70 -
27 70 -
27 70 -
44 203 12920
44 203 -
44 203 -
44 203 -
44 203 -
44 203 -
44 203 -
44 203 -
44 203 -
44 203 -
44 203 -
44 203 -
44 203 -
44 203 -
44 203 -
44 203 -
44 203 -
44 203 -
44 203 -
44 203 -
44 203 -
44 203 -
44 203 -
44 203 -
44 175 15357
44 175 -
44 175 -
44 175 -
44 175 -
45 175 3331
45 175 -
43 164 8409
47 216 12928
31 102 411
31 102 -
31 102 -
36 142 2009
36 142 -
36 142 -
36 142 -
36 142 -
36 142 -
36 142 -
36 142 -
36 142 -
36 142 -
36 142 -
36 142 -
36 142 -
36 142 -
36 142 -
27 62 1
46 208 11476
46 208 -
9 7 0
9 7 -
9 7 -
29 93 29
29 93 -
29 93 -
29 93 -
29 93 -
29 93 -
29 93 -
29 93 -
29 93 -
45 178 23042
45 178 -
32 106 96
