17 71 6
11 32 0
66 1069 4878
69 1173 6506
80 1621 13010
21 114 28
64 1023 4330
65 1033 5521
40 387 521
89 1974 27239
71 1227 7686
31 241 143
89 1916 28164
85 1825 17714
93 2159 33753
100 2468 49808
36 307 279
45 511 603
43 469 646
27 174 111
45 489 783
53 716 1889
85 1798 18066
73 1357 8196
100 2512 46856
10 20 0
77 1444 11401
82 1716 12339
14 45 7
84 1731 22446
95 2238 46440
50 588 1223
14 43 1
78 1500 12722
62 906 4545
99 2462 55067
36 318 267
91 2040 33920
45 490 683
71 1233 8474
53 649 2207
30 198 139
94 2193 34380
58 859 2184
99 2436 53577
91 2038 31029
88 1935 21909
32 251 192
72 1282 9253
69 1211 5709
51 625 1489
56 805 1839
59 825 3119
89 1958 27811
43 474 541
52 646 1576
43 464 525
85 1805 21405
90 1961 34829
96 2256 43916
69 1194 5432
90 1960 32288
97 2341 40945
89 1950 32786
89 1939 29556
44 469 715
37 344 296
77 1510 10508
47 523 1139
44 457 966
35 293 196
100 2489 54284
97 2346 45967
27 173 89
44 470 714
12 33 0
10 27 0
61 928 3086
30 226 118
100 2553 45844
99 2429 55961
81 1635 17432
98 2413 44891
38 349 354
29 197 102
99 2453 48406
46 519 1022
11 27 0
95 2220 42212
38 352 293
90 2016 24017
57 819 2368
82 1640 19329
105 2726 42765
113 3169 53694
18 73 19
