38 420 239
52 809 907
52 809 -
38 411 226
124 4599 53924
124 4599 -
124 4599 -
99 2903 17919
99 2903 -
99 2903 -
96 2771 13224
96 2771 -
120 4296 43612
120 4296 -
124 4538 58050
46 602 583
46 602 -
46 602 -
36 368 209
36 368 -
88 2299 9176
45 604 428
45 604 -
11 33 0
117 4015 41888
117 4015 -
65 1237 2553
78 1758 5813
78 1758 -
78 1758 -
78 1758 -
115 3972 32546
85 2152 8403
85 2152 -
77 1773 5052
108 3433 27918
113 3849 31686
95 2731 12361
30 261 112
99 2914 15663
47 660 562
47 660 -
85 2078 9520
14 52 3
14 52 -
71 1477 3689
71 1477 -
100 2948 18627
69 1412 3285
43 526 436
43 526 -
80 1888 6157
125 4667 51523
57 963 1279
45 590 618
97 2844 14238
97 2844 -
12 40 1
12 40 -
12 40 -
73 1543 3935
35 358 199
99 2849 20561
99 2849 -
89 2324 9957
44 588 438
97 2835 14142
27 209 71
82 2017 5759
82 2017 -
113 3803 35958
112 3734 32298
112 3734 -
104 3251 21742
37 391 215
127 4833 55342
127 4833 -
127 4833 -
69 1431 2913
117 4039 43009
117 4039 -
117 4039 -
10 28 0
44 574 439
44 574 -
122 4427 46476
122 4427 -
100 3025 16435
100 3025 -
100 2960 17518
126 4711 58994
126 4711 -
82 1986 7438
121 4391 42927
90 2419 10435
77 1738 5498
66 1263 2602
66 1263 -
90 2413 10187
90 2413 -
90 2413 -
90 2413 -
90 2413 -
119 4253 40149
119 4253 -
53 838 963
51 791 860
120 4276 47426
120 4276 -
120 4276 -
17 77 23
111 3663 30581
111 3663 -
111 3663 -
21 130 31
21 130 -
21 130 -
94 2625 12589
94 2625 -
94 2625 -
94 2625 -
27 212 68
90 2365 10974
90 2365 -
117 4085 37954
117 4085 -
112 3759 31681
112 3759 -
112 3759 -
45 566 535
100 2930 20612
91 2436 11256
91 2436 -
118 4156 40142
112 3722 30898
120 4298 44879
53 833 996
43 533 409
43 533 -
89 2323 9859
109 3510 28617
109 3510 -
109 3510 -
56 901 1333
93 2557 12191
44 572 462
14 62 7
36 364 213
81 1919 7002
112 3757 28817
30 263 102
30 263 -
30 263 -
61 1114 1621
89 2389 9642
71 1491 3593
50 777 685
50 777 -
105 3259 23222
118 4146 47822
118 4146 -
31 273 121
62 1151 1895
85 2209 7958
59 1014 1679
59 1014 -
59 1014 -
59 1014 -
72 1530 4293
115 3929 37792
29 244 92
29 244 -
101 3022 20184
101 3022 -
32 307 143
84 2098 7829
89 2367 9973
43 525 377
89 2390 10087
58 971 1540
18 94 21
95 2715 13689
95 2715 -
135 5421 55736
122 4503 38680
10 23 0
10 23 -
91 2428 10886
98 2806 18069
69 1440 2978
103 3153 19857
103 3178 20183
102 3088 20082
105 3244 20521
40 478 347
11 32 4
99 2909 14420
99 2909 -
64 1206 2153
64 1206 -
