0.0 168
0.1 173
0.2 176
0.3 177
0.4 177
0.5 177
0.6 177
0.7 177
0.8 177
0.9 177
1.0 177
1.1 177
1.2 177
1.3 177
1.4 177
1.5 177
1.6 177
1.7 177
1.8 177
1.9 177
2.0 177
2.1 177
2.2 177
2.3 177
2.4 177
2.5 177
2.6 177
2.7 177
2.8 177
2.9 177
3.0 177
3.1 177
3.2 177
3.3 177
3.4 177
3.5 177
3.6 177
3.7 177
3.8 177
3.9 177
4.0 177
4.1 177
4.2 177
4.3 177
4.4 177
4.5 177
4.6 177
4.7 177
4.8 177
4.9 177
5.0 177
5.1 177
5.2 177
5.3 177
5.4 177
5.5 177
5.6 177
5.7 177
5.8 177
5.9 177
6.0 177
6.1 177
6.2 177
6.3 177
6.4 177
6.5 177
6.6 177
6.7 177
6.8 177
6.9 177
7.0 177
7.1 177
7.2 177
7.3 177
7.4 177
7.5 177
7.6 177
7.7 177
7.8 177
7.9 177
8.0 177
8.1 177
8.2 177
8.3 177
8.4 177
8.5 177
8.6 177
8.7 177
8.8 177
8.9 177
9.0 177
9.1 177
9.2 177
9.3 177
9.4 177
9.5 177
9.6 177
9.7 177
9.8 177
9.9 177
10.0 177
10.1 177
10.2 177
10.3 177
10.4 177
10.5 177
10.6 177
10.7 177
10.8 177
10.9 177
11.0 177
11.1 177
11.2 177
11.3 177
11.4 177
11.5 177
11.6 177
11.7 177
11.8 177
11.9 177
12.0 177
12.1 177
12.2 177
12.3 177
12.4 177
12.5 177
12.6 177
12.7 178
12.8 178
12.9 178
13.0 178
13.1 178
13.2 178
13.3 178
13.4 178
13.5 178
13.6 178
13.7 178
13.8 178
13.9 178
14.0 178
14.1 178
14.2 178
14.3 178
14.4 178
14.5 178
14.6 178
14.7 178
14.8 178
14.9 178
15.0 178
15.1 178
15.2 178
15.3 178
15.4 178
15.5 178
15.6 178
15.7 178
15.8 178
15.9 178
16.0 178
16.1 178
16.2 178
16.3 178
16.4 178
16.5 178
16.6 178
16.7 178
16.8 178
16.9 178
17.0 178
17.1 178
17.2 178
17.3 178
17.4 178
17.5 178
17.6 178
17.7 178
17.8 178
17.9 178
18.0 178
18.1 178
18.2 178
18.3 178
18.4 178
18.5 178
18.6 178
18.7 178
18.8 178
18.9 178
19.0 178
19.1 178
19.2 178
19.3 178
19.4 178
19.5 178
19.6 178
19.7 178
19.8 178
19.9 178
20.0 178
20.1 178
20.2 178
20.3 178
20.4 178
20.5 178
20.6 178
20.7 178
20.8 178
20.9 178
21.0 178
21.1 178
21.2 178
21.3 178
21.4 178
21.5 178
21.6 178
21.7 178
21.8 178
21.9 178
22.0 178
22.1 178
22.2 178
22.3 178
22.4 178
22.5 178
22.6 178
22.7 178
22.8 178
22.9 178
23.0 178
23.1 178
23.2 178
23.3 178
23.4 178
23.5 178
23.6 178
23.7 178
23.8 178
23.9 178
24.0 178
24.1 178
24.2 178
24.3 178
24.4 178
24.5 178
24.6 178
24.7 178
24.8 178
24.9 178
25.0 178
25.1 178
25.2 178
25.3 178
25.4 178
25.5 178
25.6 178
25.7 178
25.8 178
25.9 179
26.0 179
26.1 179
26.2 179
26.3 179
26.4 179
26.5 179
26.6 179
26.7 179
26.8 179
26.9 179
27.0 179
27.1 179
27.2 179
27.3 179
27.4 179
27.5 179
27.6 179
27.7 179
27.8 179
27.9 179
28.0 179
28.1 179
28.2 179
28.3 179
28.4 179
28.5 179
28.6 179
28.7 179
28.8 179
28.9 179
29.0 179
29.1 179
29.2 179
29.3 179
29.4 179
29.5 179
29.6 179
29.7 180
29.8 180
29.9 180
30.0 180
30.1 180
30.2 180
30.3 180
30.4 180
30.5 180
30.6 180
30.7 180
30.8 180
30.9 180
31.0 180
31.1 180
31.2 180
31.3 180
31.4 180
31.5 180
31.6 180
31.7 180
31.8 180
31.9 180
32.0 180
32.1 180
32.2 180
32.3 180
32.4 180
32.5 180
32.6 180
32.7 180
32.8 180
32.9 180
33.0 180
33.1 180
33.2 180
33.3 180
33.4 180
33.5 180
33.6 180
33.7 180
33.8 180
33.9 180
34.0 180
34.1 180
34.2 180
34.3 180
34.4 180
34.5 180
34.6 180
34.7 180
34.8 180
34.9 180
35.0 180
35.1 180
35.2 180
35.3 180
35.4 180
35.5 180
35.6 180
35.7 180
35.8 180
35.9 180
36.0 180
36.1 180
36.2 180
36.3 180
36.4 180
36.5 180
36.6 180
36.7 180
36.8 180
36.9 180
37.0 180
37.1 180
37.2 180
37.3 180
37.4 180
37.5 180
37.6 180
37.7 180
37.8 180
37.9 180
38.0 180
38.1 180
38.2 180
38.3 180
38.4 180
38.5 180
38.6 180
38.7 180
38.8 180
38.9 180
39.0 180
39.1 180
39.2 180
39.3 180
39.4 180
39.5 180
39.6 180
39.7 180
39.8 180
39.9 180
40.0 180
40.1 180
40.2 180
40.3 180
40.4 180
40.5 180
40.6 180
40.7 180
40.8 180
40.9 180
41.0 180
41.1 180
41.2 180
41.3 180
41.4 180
41.5 180
41.6 180
41.7 180
41.8 180
41.9 180
42.0 180
42.1 180
42.2 180
42.3 180
42.4 180
42.5 180
42.6 180
42.7 180
42.8 180
42.9 180
43.0 180
43.1 180
43.2 180
43.3 180
43.4 180
43.5 180
43.6 180
43.7 180
43.8 180
43.9 180
44.0 180
44.1 180
44.2 180
44.3 180
44.4 180
44.5 180
44.6 180
44.7 180
44.8 180
44.9 180
45.0 180
45.1 180
45.2 180
45.3 180
45.4 180
45.5 180
45.6 180
45.7 180
45.8 180
45.9 180
46.0 180
46.1 180
46.2 180
46.3 180
46.4 180
46.5 180
46.6 180
46.7 180
46.8 180
46.9 180
47.0 180
47.1 180
47.2 180
47.3 180
47.4 180
47.5 180
47.6 180
47.7 180
47.8 180
47.9 180
48.0 180
48.1 180
48.2 180
48.3 180
48.4 180
48.5 180
48.6 180
48.7 180
48.8 180
48.9 180
49.0 180
49.1 180
49.2 180
49.3 180
49.4 180
49.5 180
49.6 180
49.7 180
49.8 180
49.9 180
50.0 180
50.1 180
50.2 180
50.3 180
50.4 180
50.5 180
50.6 180
50.7 180
50.8 180
50.9 180
51.0 180
51.1 180
51.2 180
51.3 180
51.4 180
51.5 180
51.6 180
51.7 180
51.8 180
51.9 180
52.0 180
52.1 180
52.2 180
52.3 180
52.4 180
52.5 180
52.6 180
52.7 180
52.8 180
52.9 180
53.0 180
53.1 180
53.2 180
53.3 180
53.4 180
53.5 180
53.6 180
53.7 180
53.8 180
53.9 180
54.0 180
54.1 180
54.2 180
54.3 180
54.4 180
54.5 180
54.6 180
54.7 180
54.8 180
54.9 180
55.0 180
55.1 180
55.2 180
55.3 180
55.4 180
55.5 180
55.6 180
55.7 180
55.8 180
55.9 180
56.0 180
56.1 180
56.2 180
56.3 180
56.4 180
56.5 180
56.6 180
56.7 180
56.8 180
56.9 180
57.0 180
57.1 180
57.2 180
57.3 180
57.4 180
57.5 180
57.6 180
57.7 180
57.8 180
57.9 180
58.0 180
58.1 180
58.2 180
58.3 180
58.4 180
58.5 180
58.6 180
58.7 180
58.8 180
58.9 180
59.0 180
59.1 180
59.2 180
59.3 180
59.4 180
59.5 180
59.6 180
59.7 180
59.8 180
59.9 180
60.0 180
