36 239 515
14 39 0
31 172 168
37 267 378
11 23 0
69 973 16000
84 1414 59676
10 20 0
29 162 159
61 761 8100
21 87 28
30 170 222
72 1028 32612
32 216 225
45 396 1510
44 359 1578
10 26 2
36 221 798
71 1031 28109
12 29 0
53 528 5238
78 1254 37302
11 23 0
43 382 1085
45 401 1363
56 647 3664
53 569 3391
62 734 13390
46 400 2177
27 147 91
27 139 118
65 823 16276
43 338 1440
51 494 2888
35 228 345
69 951 19881
18 63 3
17 47 1
47 441 1807
73 1061 28807
45 405 1625
77 1156 58522
64 805 10480
38 266 644
44 379 1471
66 869 18999
69 963 18114
30 187 116
40 325 630
77 1180 45062
71 967 30878
50 482 2538
57 648 5703
52 524 4109
59 692 7385
43 343 1203
14 39 7
44 399 1229
38 269 627
58 685 6436
