38 420 205
52 809 326
173 8944 19757
38 411 166
124 4599 5344
184 10113 23753
161 7776 14620
99 2903 2908
174 8901 18814
149 6641 13005
96 2771 1856
173 8956 20286
120 4296 4307
141 5920 11148
124 4538 6734
46 602 457
197 11603 27465
191 10763 25808
36 368 230
135 5293 13376
88 2299 2525
45 604 599
147 6490 11571
11 33 10
117 4015 6018
176 9212 20174
65 1237 1070
78 1758 1635
177 9357 17569
193 11143 22822
128 4853 5759
115 3972 3893
85 2152 1577
194 11135 25930
77 1773 1368
108 3433 2540
113 3849 4199
95 2731 2321
30 261 81
99 2914 3587
47 660 538
184 9977 22819
85 2078 1761
14 52 2
163 7919 16777
71 1477 1103
147 6343 11352
100 2948 2477
69 1412 1053
43 526 346
158 7413 11920
80 1888 1278
125 4667 5757
57 963 703
45 590 419
97 2844 3160
191 10904 21508
12 40 30
148 6523 11388
181 9890 19313
73 1543 1357
35 358 254
99 2849 2850
145 6222 8034
89 2324 2157
44 588 567
97 2835 2886
27 209 41
82 2017 1714
191 10922 22246
113 3803 3409
112 3734 3001
142 6012 9582
104 3251 3075
37 391 254
127 4833 5068
180 9680 26120
141 5942 8402
69 1431 777
117 4039 4043
133 5244 8301
141 5880 8691
10 28 3
44 574 353
148 6560 12285
122 4427 5791
164 8067 16923
100 3025 3669
150 6738 12830
100 2960 4511
126 4711 5979
176 9140 19197
82 1986 1630
121 4391 5696
90 2419 2442
77 1738 1231
66 1263 1079
172 8794 19706
90 2413 2636
189 10668 20615
146 6379 11031
168 8448 14054
166 8162 12589
119 4253 3638
138 5663 9914
53 838 733
51 791 798
120 4276 5349
139 5863 9605
189 10642 23472
17 77 10
111 3663 3693
197 11546 25807
173 8978 14999
21 130 14
197 11445 27582
148 6605 13352
94 2625 2516
183 10004 19313
198 11730 25551
178 9418 18683
27 212 70
90 2365 2077
166 8190 14575
117 4085 5512
187 10422 21833
112 3759 4757
168 8351 18302
187 10377 18968
45 566 525
100 2930 2922
91 2436 2341
192 11087 20286
118 4156 4520
112 3722 3212
120 4298 3807
53 833 650
43 533 284
188 10652 21091
89 2323 1422
109 3510 3063
198 11778 24892
142 6021 6323
56 901 444
93 2557 2152
44 572 382
14 62 4
36 364 240
81 1919 1397
112 3757 2839
30 263 42
137 5558 9966
190 10723 21377
61 1114 893
89 2389 1845
71 1491 1394
50 777 720
186 10352 21258
105 3259 3100
118 4146 5049
166 8109 13730
31 273 61
62 1151 663
85 2209 2203
59 1014 788
129 4907 7077
133 5209 7351
176 9324 16339
72 1530 1189
115 3929 4231
29 244 50
141 5937 6492
101 3022 2705
176 9255 16091
32 307 183
84 2098 1453
89 2367 2125
43 525 278
89 2390 1781
58 971 755
18 94 8
95 2715 2327
179 9514 12317
135 5421 8447
122 4503 5417
10 23 2
171 8688 9906
91 2428 2041
98 2806 3552
69 1440 1182
103 3153 2882
103 3178 3134
102 3088 2958
105 3244 2448
40 478 532
11 32 3
99 2909 2356
182 9914 5179
64 1206 606
170 8545 4691
