148 5383 15544
149 5564 21405
17 71 3
121 3611 7464
119 3528 7132
177 7734 31181
11 32 4
66 1069 730
69 1173 992
80 1621 1337
166 6768 24774
124 3823 10888
21 114 5
187 8688 33636
64 1023 964
65 1033 826
117 3339 7753
150 5608 17308
161 6403 24744
142 5038 14201
127 4053 12206
40 387 301
103 2627 6246
89 1974 4005
122 3730 9083
71 1227 1774
163 6635 18270
31 241 66
145 5238 11618
135 4532 8895
112 3049 5972
117 3358 6831
89 1916 3455
85 1825 2813
120 3615 6174
166 6798 19450
93 2159 2495
173 7547 24919
100 2468 5451
176 7711 32781
158 6218 16196
36 307 150
182 8093 25284
45 511 383
174 7521 27334
112 3135 5912
120 3577 8080
141 4937 12893
43 469 404
128 3995 11510
111 3015 7344
27 174 81
45 489 510
53 716 699
173 7423 23922
105 2719 4226
85 1798 2568
126 3951 8273
172 7450 19547
120 3580 6528
73 1357 1071
197 9600 38831
100 2512 4556
168 7083 23448
10 20 3
77 1444 1660
170 7220 18891
82 1716 1816
191 8953 35111
14 45 2
84 1731 2431
122 3606 7737
95 2238 3622
115 3269 6561
50 588 632
137 4727 8595
191 9154 35659
14 43 12
78 1500 1879
181 8108 34235
147 5364 11718
62 906 827
99 2462 3925
36 318 185
91 2040 3731
184 8410 36566
124 3795 6494
176 7702 31244
45 490 394
71 1233 1357
189 8864 28638
178 7965 25366
53 649 710
30 198 54
113 3160 6676
135 4544 10418
118 3449 7240
118 3465 8339
188 8758 28232
94 2193 3650
58 859 826
99 2436 4526
91 2038 2437
193 9272 26385
88 1935 1826
112 3076 4757
147 5376 11180
32 251 127
171 7358 18295
146 5266 11171
189 8818 31789
148 5518 10294
72 1282 1132
112 3045 4461
69 1211 943
166 6779 19197
51 625 481
56 805 577
59 825 468
138 4732 10909
89 1958 2423
43 474 253
104 2659 3328
52 646 332
43 464 295
101 2521 3396
115 3270 5447
125 3924 7393
168 6953 27490
85 1805 1466
190 9056 30000
180 8075 26034
184 8444 30255
90 1961 3556
96 2256 3236
179 7972 29885
69 1194 976
194 9288 39317
90 1960 4063
97 2341 5152
89 1950 3713
89 1939 3172
44 469 413
37 344 242
77 1510 1644
176 7791 21074
142 5026 14833
117 3378 6652
164 6684 17901
47 523 422
133 4313 9860
44 457 288
133 4339 10651
35 293 221
100 2489 5159
141 4981 10962
97 2346 4017
173 7412 20161
27 173 65
198 9753 35146
198 9693 37705
108 2936 4025
44 470 329
12 33 11
10 27 2
61 928 729
197 9743 32415
30 226 34
103 2581 2979
100 2553 4470
191 9085 31324
141 4885 15602
99 2429 5371
81 1635 2685
98 2413 4718
38 349 216
29 197 68
129 4179 8785
141 4985 14764
102 2483 4057
192 9068 27531
148 5451 16548
99 2453 4553
46 519 437
109 2996 5041
197 9512 24064
183 8363 19534
11 27 3
139 4750 10189
95 2220 3908
186 8547 18040
187 8697 17342
176 7638 14767
38 352 150
90 2016 2396
57 819 682
82 1640 1805
105 2726 3611
113 3169 4247
18 73 30
