90 395 336
142 991 31331
89 401 387
50 120 19
85 339 265
97 485 1043
103 501 786
14 13 7
63 189 33
71 267 68
38 67 2
30 51 2
73 269 218
104 508 6590
53 139 13
65 198 218
53 125 5
124 783 14935
84 370 921
32 48 1
118 756 11267
35 58 1
85 336 772
141 972 28505
127 801 11960
142 1003 27211
95 439 821
72 252 129
45 98 11
44 102 5
120 719 4259
119 741 7679
122 791 6174
112 605 2764
97 443 621
141 1022 16776
24 36 6
141 988 15050
61 183 37
141 956 28719
145 1031 28518
101 462 1106
42 92 3
77 312 237
46 101 3
112 601 2567
113 630 8886
10 9 2
150 1033 46231
9 8 2
115 648 10813
133 864 16918
51 131 36
5 4 2
96 476 2021
135 906 21122
117 666 5955
34 59 2
93 410 411
109 578 1353
80 334 386
124 735 12989
6 4 2
138 936 25627
45 103 21
147 1084 37337
79 321 190
59 167 33
47 105 9
128 863 12468
112 643 4752
89 388 485
99 427 372
69 224 32
118 684 5714
71 273 201
61 179 55
56 175 59
105 541 2288
112 667 1751
99 486 862
158 1241 44728
99 480 1805
148 1099 48677
121 730 6507
91 430 299
120 713 5152
129 813 10649
90 456 772
69 241 155
89 363 602
44 83 4
111 602 2284
94 425 435
100 498 917
148 1047 39702
8 5 3
8 6 2
137 925 20242
27 38 2
100 452 430
120 735 7080
44 104 2
103 575 2901
113 646 1688
146 1051 35921
39 73 3
90 399 500
89 381 369
23 29 2
82 311 250
135 925 17358
117 636 5214
19 23 12
91 379 439
7 5 1
147 1063 40856
26 29 1
69 213 75
105 548 871
95 422 401
100 515 675
139 910 27936
85 385 458
102 540 2338
11 9 2
43 91 4
125 798 6138
88 377 548
117 699 5224
126 791 9140
98 482 793
38 68 1
57 151 11
163 1381 59081
82 352 128
100 465 709
99 509 859
133 876 17917
45 106 30
78 303 151
35 66 2
58 156 39
122 743 5158
43 98 2
28 40 2
115 686 6884
108 576 3900
35 61 2
77 291 220
89 362 414
51 130 5
66 211 28
