36 239 75
99 1948 8918
120 2885 8930
176 6099 55305
141 3952 20045
176 6179 50854
14 39 3
31 172 15
139 3834 18285
139 3834 -
135 3620 14970
119 2801 10804
99 1880 8532
37 267 56
142 3971 19292
11 23 4
173 5843 45805
176 6182 45530
112 2451 12061
69 973 1607
84 1414 3794
84 1414 -
120 2853 10486
126 3142 12856
10 20 2
29 162 31
61 761 886
97 1880 5572
85 1439 2995
173 6012 43697
21 87 3
90 1627 3060
111 2483 6282
128 3198 12752
30 170 46
100 2009 6825
101 2006 4905
72 1028 1196
117 2767 6377
32 216 79
113 2497 7518
45 396 243
44 359 321
100 1941 6018
10 26 3
89 1530 2698
89 1530 -
124 3073 8777
145 4223 17027
85 1432 3139
36 221 87
71 1031 1255
137 3749 14249
82 1325 2304
179 6368 39768
179 6368 -
112 2485 7040
108 2262 6520
108 2262 -
108 2262 -
142 3908 21476
103 2079 3821
141 4000 14261
141 4000 -
148 4315 20059
12 29 2
103 2059 5221
91 1598 3537
53 528 363
104 2131 4380
99 1941 5021
78 1254 1333
168 5711 31873
135 3662 11795
91 1647 3555
81 1298 1650
81 1298 -
96 1840 5280
146 4222 16735
99 1945 5437
133 3510 13733
133 3510 -
148 4268 16388
174 6099 41475
133 3548 8611
141 4039 15228
170 5770 28746
112 2488 4969
112 2488 -
95 1816 4091
102 2077 3207
129 3283 11706
172 5811 31488
177 6203 34642
11 23 3
118 2845 7838
122 3024 9180
181 6589 57791
95 1831 4002
95 1831 -
105 2208 3917
105 2208 -
168 5555 35247
85 1417 2491
148 4363 15938
43 382 350
43 382 -
45 401 238
56 647 661
100 1917 5165
89 1573 3087
53 569 495
62 734 434
117 2702 6801
46 400 209
27 147 33
27 139 19
65 823 695
122 2950 7781
109 2393 4126
124 3003 7956
121 2897 7357
43 338 319
43 338 -
82 1279 1860
51 494 454
88 1535 2923
150 4459 15564
147 4186 17985
35 228 111
80 1247 1609
127 3219 7921
93 1655 4474
192 7338 58614
69 951 1067
180 6496 47622
183 6692 53662
178 6314 45666
18 63 4
112 2390 5666
94 1736 3997
17 47 4
47 441 115
138 3728 12638
166 5625 22742
171 5854 33950
73 1061 1275
45 405 183
77 1156 1805
64 805 685
141 4016 11131
38 266 121
44 379 189
90 1549 3216
97 1911 2963
166 5409 29070
149 4429 11506
89 1574 3050
66 869 648
115 2652 6426
190 7238 55903
125 3149 6950
117 2704 5957
164 5391 40374
69 963 659
120 2838 7351
189 7135 45391
163 5346 26143
30 187 31
166 5598 30962
40 325 181
77 1180 1210
113 2567 5326
115 2605 4785
71 967 863
90 1621 2977
193 7402 41625
118 2744 7730
50 482 398
100 2004 4366
194 7454 38183
161 5153 27545
57 648 591
187 6941 34752
52 524 398
98 1863 6938
59 692 583
43 343 197
14 39 2
191 7221 29388
105 2171 5622
44 399 278
176 6189 24431
173 5965 22722
89 1548 4323
147 4131 13703
89 1547 4242
38 269 182
158 5105 9630
58 685 392
