0.0 114
0.1 148
0.2 172
0.3 191
0.4 212
0.5 226
0.6 239
0.7 251
0.8 262
0.9 273
1.0 281
1.1 289
1.2 294
1.3 300
1.4 310
1.5 312
1.6 314
1.7 318
1.8 324
1.9 329
2.0 336
2.1 344
2.2 352
2.3 358
2.4 367
2.5 372
2.6 381
2.7 386
2.8 391
2.9 399
3.0 406
3.1 413
3.2 416
3.3 422
3.4 429
3.5 441
3.6 449
3.7 458
3.8 466
3.9 472
4.0 478
4.1 482
4.2 486
4.3 487
4.4 492
4.5 497
4.6 500
4.7 508
4.8 512
4.9 516
5.0 521
5.1 523
5.2 528
5.3 536
5.4 543
5.5 547
5.6 550
5.7 554
5.8 559
5.9 561
6.0 562
6.1 566
6.2 570
6.3 576
6.4 581
6.5 584
6.6 587
6.7 588
6.8 591
6.9 593
7.0 594
7.1 596
7.2 596
7.3 597
7.4 600
7.5 600
7.6 603
7.7 603
7.8 607
7.9 610
8.0 613
8.1 614
8.2 614
8.3 614
8.4 619
8.5 620
8.6 621
8.7 622
8.8 624
8.9 625
9.0 631
9.1 634
9.2 636
9.3 640
9.4 643
9.5 645
9.6 647
9.7 648
9.8 649
9.9 652
10.0 655
10.1 656
10.2 657
10.3 660
10.4 660
10.5 660
10.6 662
10.7 663
10.8 665
10.9 666
11.0 668
11.1 672
11.2 672
11.3 677
11.4 680
11.5 680
11.6 681
11.7 683
11.8 686
11.9 687
12.0 688
12.1 690
12.2 693
12.3 694
12.4 695
12.5 697
12.6 698
12.7 699
12.8 700
12.9 701
13.0 701
13.1 702
13.2 705
13.3 705
13.4 705
13.5 707
13.6 708
13.7 709
13.8 710
13.9 710
14.0 711
14.1 713
14.2 714
14.3 714
14.4 715
14.5 716
14.6 719
14.7 722
14.8 723
14.9 724
15.0 724
15.1 724
15.2 725
15.3 726
15.4 726
15.5 726
15.6 728
15.7 728
15.8 728
15.9 729
16.0 729
16.1 729
16.2 730
16.3 730
16.4 733
16.5 736
16.6 736
16.7 736
16.8 737
16.9 737
17.0 738
17.1 740
17.2 744
17.3 745
17.4 747
17.5 747
17.6 747
17.7 749
17.8 749
17.9 749
18.0 750
18.1 752
18.2 752
18.3 752
18.4 754
18.5 757
18.6 757
18.7 760
18.8 763
18.9 763
19.0 764
19.1 764
19.2 765
19.3 766
19.4 767
19.5 768
19.6 768
19.7 769
19.8 771
19.9 772
20.0 773
20.1 774
20.2 774
20.3 777
20.4 778
20.5 779
20.6 780
20.7 780
20.8 782
20.9 782
21.0 783
21.1 785
21.2 786
21.3 786
21.4 787
21.5 787
21.6 787
21.7 787
21.8 789
21.9 789
22.0 789
22.1 790
22.2 792
22.3 793
22.4 794
22.5 794
22.6 795
22.7 797
22.8 797
22.9 797
23.0 798
23.1 798
23.2 798
23.3 798
23.4 798
23.5 799
23.6 799
23.7 801
23.8 802
23.9 804
24.0 805
24.1 806
24.2 806
24.3 808
24.4 808
24.5 809
24.6 813
24.7 816
24.8 819
24.9 820
25.0 821
25.1 821
25.2 821
25.3 823
25.4 823
25.5 823
25.6 824
25.7 825
25.8 827
25.9 827
26.0 827
26.1 827
26.2 828
26.3 830
26.4 831
26.5 831
26.6 831
26.7 831
26.8 834
26.9 834
27.0 834
27.1 834
27.2 834
27.3 836
27.4 836
27.5 836
27.6 838
27.7 838
27.8 838
27.9 839
28.0 840
28.1 840
28.2 842
28.3 842
28.4 842
28.5 843
28.6 843
28.7 844
28.8 844
28.9 844
29.0 844
29.1 844
29.2 846
29.3 846
29.4 847
29.5 847
29.6 847
29.7 848
29.8 849
29.9 849
30.0 849
30.1 850
30.2 850
30.3 851
30.4 851
30.5 851
30.6 851
30.7 851
30.8 851
30.9 851
31.0 852
31.1 852
31.2 852
31.3 852
31.4 852
31.5 852
31.6 853
31.7 855
31.8 856
31.9 857
32.0 857
32.1 857
32.2 858
32.3 858
32.4 858
32.5 858
32.6 859
32.7 859
32.8 859
32.9 859
33.0 859
33.1 860
33.2 861
33.3 861
33.4 861
33.5 864
33.6 864
33.7 864
33.8 866
33.9 867
34.0 867
34.1 867
34.2 867
34.3 868
34.4 868
34.5 868
34.6 869
34.7 869
34.8 869
34.9 869
35.0 869
35.1 869
35.2 869
35.3 869
35.4 869
35.5 869
35.6 869
35.7 869
35.8 869
35.9 870
36.0 870
36.1 870
36.2 870
36.3 870
36.4 870
36.5 871
36.6 871
36.7 871
36.8 871
36.9 871
37.0 871
37.1 871
37.2 871
37.3 871
37.4 871
37.5 871
37.6 871
37.7 871
37.8 871
37.9 871
38.0 871
38.1 871
38.2 871
38.3 873
38.4 874
38.5 874
38.6 874
38.7 874
38.8 874
38.9 875
39.0 876
39.1 876
39.2 876
39.3 876
39.4 877
39.5 878
39.6 878
39.7 879
39.8 879
39.9 879
40.0 879
40.1 879
40.2 879
40.3 879
40.4 879
40.5 879
40.6 879
40.7 880
40.8 881
40.9 881
41.0 881
41.1 881
41.2 881
41.3 881
41.4 882
41.5 882
41.6 882
41.7 882
41.8 882
41.9 882
42.0 882
42.1 883
42.2 883
42.3 884
42.4 884
42.5 884
42.6 884
42.7 884
42.8 884
42.9 884
43.0 885
43.1 885
43.2 886
43.3 886
43.4 886
43.5 886
43.6 886
43.7 886
43.8 886
43.9 886
44.0 886
44.1 886
44.2 886
44.3 886
44.4 886
44.5 886
44.6 887
44.7 887
44.8 887
44.9 888
45.0 889
45.1 889
45.2 889
45.3 890
45.4 890
45.5 890
45.6 891
45.7 891
45.8 891
45.9 891
46.0 891
46.1 891
46.2 891
46.3 892
46.4 892
46.5 892
46.6 892
46.7 892
46.8 892
46.9 893
47.0 894
47.1 894
47.2 894
47.3 894
47.4 894
47.5 894
47.6 894
47.7 894
47.8 894
47.9 894
48.0 894
48.1 895
48.2 895
48.3 896
48.4 897
48.5 897
48.6 897
48.7 898
48.8 898
48.9 898
49.0 898
49.1 898
49.2 898
49.3 899
49.4 899
49.5 899
49.6 899
49.7 899
49.8 899
49.9 899
50.0 899
50.1 899
50.2 900
50.3 900
50.4 900
50.5 900
50.6 900
50.7 900
50.8 900
50.9 900
51.0 900
51.1 900
51.2 900
51.3 900
51.4 900
51.5 900
51.6 900
51.7 900
51.8 900
51.9 900
52.0 900
52.1 901
52.2 901
52.3 901
52.4 901
52.5 901
52.6 902
52.7 902
52.8 902
52.9 902
53.0 902
53.1 902
53.2 902
53.3 902
53.4 902
53.5 902
53.6 902
53.7 902
53.8 902
53.9 902
54.0 902
54.1 902
54.2 903
54.3 903
54.4 903
54.5 904
54.6 904
54.7 905
54.8 905
54.9 905
55.0 905
55.1 905
55.2 905
55.3 905
55.4 905
55.5 905
55.6 905
55.7 905
55.8 905
55.9 905
56.0 905
56.1 905
56.2 905
56.3 905
56.4 905
56.5 905
56.6 905
56.7 905
56.8 905
56.9 905
57.0 905
57.1 905
57.2 905
57.3 905
57.4 905
57.5 905
57.6 905
57.7 905
57.8 905
57.9 905
58.0 905
58.1 905
58.2 906
58.3 906
58.4 906
58.5 907
58.6 907
58.7 908
58.8 909
58.9 909
59.0 909
59.1 909
59.2 909
59.3 910
59.4 910
59.5 910
59.6 910
59.7 910
59.8 910
59.9 910
60.0 910
