0.0 149
0.1 165
0.2 182
0.3 194
0.4 202
0.5 208
0.6 213
0.7 218
0.8 221
0.9 225
1.0 227
1.1 228
1.2 231
1.3 233
1.4 234
1.5 238
1.6 240
1.7 242
1.8 246
1.9 246
2.0 246
2.1 246
2.2 247
2.3 249
2.4 249
2.5 249
2.6 249
2.7 251
2.8 253
2.9 253
3.0 254
3.1 254
3.2 254
3.3 255
3.4 256
3.5 257
3.6 259
3.7 259
3.8 259
3.9 260
4.0 261
4.1 262
4.2 263
4.3 263
4.4 263
4.5 263
4.6 263
4.7 263
4.8 263
4.9 266
5.0 266
5.1 270
5.2 270
5.3 271
5.4 272
5.5 274
5.6 275
5.7 276
5.8 276
5.9 277
6.0 277
6.1 278
6.2 279
6.3 280
6.4 280
6.5 280
6.6 280
6.7 281
6.8 281
6.9 281
7.0 281
7.1 281
7.2 281
7.3 281
7.4 281
7.5 281
7.6 282
7.7 284
7.8 284
7.9 285
8.0 285
8.1 285
8.2 285
8.3 286
8.4 286
8.5 286
8.6 286
8.7 286
8.8 286
8.9 286
9.0 286
9.1 287
9.2 287
9.3 287
9.4 287
9.5 288
9.6 288
9.7 288
9.8 288
9.9 288
10.0 288
10.1 288
10.2 288
10.3 288
10.4 288
10.5 288
10.6 288
10.7 288
10.8 288
10.9 288
11.0 288
11.1 288
11.2 290
11.3 290
11.4 290
11.5 290
11.6 290
11.7 290
11.8 290
11.9 290
12.0 290
12.1 291
12.2 291
12.3 293
12.4 293
12.5 293
12.6 293
12.7 293
12.8 293
12.9 293
13.0 294
13.1 294
13.2 294
13.3 294
13.4 294
13.5 294
13.6 294
13.7 294
13.8 294
13.9 294
14.0 294
14.1 294
14.2 294
14.3 294
14.4 294
14.5 294
14.6 294
14.7 294
14.8 294
14.9 294
15.0 294
15.1 294
15.2 294
15.3 294
15.4 295
15.5 295
15.6 295
15.7 296
15.8 296
15.9 296
16.0 296
16.1 296
16.2 296
16.3 296
16.4 296
16.5 298
16.6 298
16.7 298
16.8 298
16.9 298
17.0 298
17.1 298
17.2 298
17.3 298
17.4 298
17.5 298
17.6 298
17.7 298
17.8 298
17.9 298
18.0 298
18.1 299
18.2 299
18.3 300
18.4 300
18.5 300
18.6 302
18.7 303
18.8 303
18.9 303
19.0 303
19.1 303
19.2 303
19.3 303
19.4 303
19.5 303
19.6 303
19.7 303
19.8 304
19.9 304
20.0 304
20.1 304
20.2 304
20.3 304
20.4 304
20.5 304
20.6 306
20.7 306
20.8 307
20.9 307
21.0 308
21.1 308
21.2 308
21.3 308
21.4 308
21.5 308
21.6 309
21.7 309
21.8 309
21.9 309
22.0 309
22.1 309
22.2 309
22.3 309
22.4 309
22.5 309
22.6 309
22.7 309
22.8 310
22.9 310
23.0 310
23.1 310
23.2 310
23.3 311
23.4 311
23.5 311
23.6 311
23.7 311
23.8 311
23.9 311
24.0 311
24.1 311
24.2 312
24.3 312
24.4 312
24.5 312
24.6 312
24.7 312
24.8 313
24.9 313
25.0 313
25.1 313
25.2 313
25.3 313
25.4 313
25.5 313
25.6 313
25.7 313
25.8 314
25.9 314
26.0 314
26.1 314
26.2 314
26.3 315
26.4 316
26.5 316
26.6 316
26.7 317
26.8 317
26.9 317
27.0 317
27.1 317
27.2 317
27.3 317
27.4 317
27.5 317
27.6 317
27.7 317
27.8 317
27.9 318
28.0 318
28.1 318
28.2 318
28.3 318
28.4 318
28.5 318
28.6 318
28.7 319
28.8 319
28.9 319
29.0 319
29.1 319
29.2 319
29.3 319
29.4 320
29.5 320
29.6 321
29.7 323
29.8 323
29.9 323
30.0 323
30.1 323
30.2 323
30.3 323
30.4 323
30.5 323
30.6 323
30.7 324
30.8 324
30.9 324
31.0 324
31.1 324
31.2 324
31.3 324
31.4 324
31.5 325
31.6 325
31.7 325
31.8 326
31.9 326
32.0 326
32.1 326
32.2 326
32.3 327
32.4 327
32.5 327
32.6 327
32.7 327
32.8 328
32.9 328
33.0 329
33.1 329
33.2 329
33.3 329
33.4 329
33.5 329
33.6 329
33.7 329
33.8 329
33.9 329
34.0 329
34.1 329
34.2 329
34.3 329
34.4 329
34.5 329
34.6 329
34.7 329
34.8 330
34.9 330
35.0 330
35.1 330
35.2 331
35.3 331
35.4 331
35.5 331
35.6 331
35.7 331
35.8 331
35.9 331
36.0 331
36.1 332
36.2 332
36.3 332
36.4 332
36.5 332
36.6 332
36.7 332
36.8 333
36.9 333
37.0 333
37.1 333
37.2 333
37.3 333
37.4 333
37.5 333
37.6 333
37.7 333
37.8 333
37.9 333
38.0 333
38.1 333
38.2 333
38.3 333
38.4 333
38.5 333
38.6 333
38.7 333
38.8 333
38.9 333
39.0 333
39.1 333
39.2 333
39.3 333
39.4 333
39.5 334
39.6 334
39.7 334
39.8 334
39.9 334
40.0 334
40.1 334
40.2 334
40.3 334
40.4 334
40.5 334
40.6 335
40.7 335
40.8 336
40.9 336
41.0 336
41.1 336
41.2 336
41.3 336
41.4 336
41.5 336
41.6 336
41.7 336
41.8 336
41.9 336
42.0 336
42.1 336
42.2 336
42.3 336
42.4 337
42.5 337
42.6 338
42.7 338
42.8 338
42.9 338
43.0 338
43.1 338
43.2 338
43.3 338
43.4 338
43.5 338
43.6 338
43.7 338
43.8 338
43.9 338
44.0 338
44.1 338
44.2 338
44.3 338
44.4 339
44.5 339
44.6 339
44.7 339
44.8 340
44.9 340
45.0 340
45.1 340
45.2 340
45.3 340
45.4 340
45.5 340
45.6 340
45.7 341
45.8 341
45.9 341
46.0 341
46.1 341
46.2 341
46.3 341
46.4 341
46.5 341
46.6 341
46.7 341
46.8 341
46.9 341
47.0 341
47.1 341
47.2 341
47.3 341
47.4 341
47.5 341
47.6 342
47.7 342
47.8 342
47.9 342
48.0 342
48.1 342
48.2 342
48.3 342
48.4 342
48.5 342
48.6 342
48.7 342
48.8 342
48.9 342
49.0 342
49.1 342
49.2 342
49.3 342
49.4 342
49.5 342
49.6 342
49.7 342
49.8 342
49.9 342
50.0 342
50.1 342
50.2 342
50.3 342
50.4 342
50.5 342
50.6 342
50.7 342
50.8 342
50.9 343
51.0 343
51.1 343
51.2 343
51.3 343
51.4 343
51.5 343
51.6 343
51.7 343
51.8 343
51.9 343
52.0 343
52.1 343
52.2 343
52.3 343
52.4 343
52.5 343
52.6 343
52.7 343
52.8 343
52.9 343
53.0 343
53.1 343
53.2 343
53.3 343
53.4 343
53.5 343
53.6 343
53.7 343
53.8 343
53.9 343
54.0 343
54.1 343
54.2 343
54.3 343
54.4 343
54.5 343
54.6 343
54.7 343
54.8 343
54.9 343
55.0 343
55.1 343
55.2 343
55.3 343
55.4 343
55.5 343
55.6 343
55.7 343
55.8 343
55.9 343
56.0 343
56.1 343
56.2 343
56.3 343
56.4 343
56.5 343
56.6 344
56.7 344
56.8 344
56.9 344
57.0 344
57.1 344
57.2 344
57.3 344
57.4 344
57.5 344
57.6 344
57.7 344
57.8 344
57.9 344
58.0 344
58.1 344
58.2 344
58.3 344
58.4 344
58.5 344
58.6 344
58.7 344
58.8 344
58.9 344
59.0 344
59.1 344
59.2 344
59.3 344
59.4 345
59.5 345
59.6 345
59.7 345
59.8 345
59.9 345
60.0 345
