23 22 1
136 438 519
128 408 570
98 272 69
148 537 1484
176 804 26381
19 15 1
148 520 457
191 880 44661
112 293 61
32 34 10
176 749 29663
178 806 32757
96 240 55
182 803 33161
183 825 30747
112 309 226
97 238 86
61 101 3
22 18 1
89 238 174
89 238 -
99 254 47
176 817 44695
40 50 3
135 482 1653
120 334 320
33 40 2
33 40 -
22 17 1
71 147 30
25 22 1
138 486 1611
138 486 -
89 191 56
94 214 141
96 224 214
76 136 29
133 425 2001
192 913 37555
141 503 3053
88 189 30
124 368 634
44 44 2
31 30 2
55 77 2
111 338 1135
105 266 235
176 766 8680
61 95 19
56 95 10
105 287 205
180 814 22304
186 886 45083
166 647 7252
34 44 1
42 39 2
84 169 5
90 210 20
90 210 -
33 41 3
122 364 385
141 519 1259
97 240 36
117 329 86
59 107 5
97 250 41
189 858 53240
173 733 6703
111 296 142
116 348 111
171 722 10213
2 1 1
184 875 26751
71 124 15
88 193 4
174 784 21976
188 815 25263
7 5 2
17 14 2
48 74 27
117 323 99
82 178 15
88 201 17
54 73 1
43 56 2
41 54 2
22 17 2
69 132 3
6 3 1
141 494 1471
141 494 -
124 373 800
112 291 139
112 291 -
109 290 145
115 334 102
141 477 776
119 364 477
148 517 2011
172 737 28910
170 642 6726
117 356 295
164 665 6031
83 192 5
99 243 32
142 490 740
102 264 38
90 207 23
69 120 3
80 192 24
7 5 2
44 59 1
67 136 4
100 236 44
168 695 15319
124 387 346
107 286 66
118 339 203
129 402 518
86 178 3
147 557 3686
99 239 50
103 289 382
59 90 4
77 150 6
127 399 654
173 746 16733
120 337 147
104 240 36
163 695 5238
168 663 12734
87 188 33
36 45 2
48 69 2
150 517 2378
133 438 2064
70 129 17
135 464 1658
49 70 2
197 1000 58280
122 376 329
2 1 3
149 589 3020
187 827 30878
88 198 65
115 342 489
55 96 17
94 217 52
77 138 12
145 484 1015
27 24 3
166 663 5276
80 159 19
124 396 333
147 545 2599
118 358 249
2 1 2
113 328 192
100 270 91
100 270 -
91 204 12
69 144 20
39 53 1
120 365 205
191 913 38907
101 260 48
39 49 2
83 164 8
12 11 2
158 630 5905
10 6 2
181 840 24666
40 57 3
173 694 21341
38 44 1
139 469 571
142 493 1588
161 637 8560
189 933 38011
34 42 21
93 213 38
37 48 2
59 97 2
103 268 299
146 546 1051
179 800 31986
99 241 54
177 757 20822
112 318 313
8 4 2
190 888 25065
76 126 32
198 984 32869
191 864 21582
6 5 2
82 153 4
166 704 6273
89 204 5
48 67 5
