112 1889 13438
163 3969 55171
150 3341 44219
56 465 216
12 15 3
129 2513 25271
129 2513 -
129 2513 -
129 2513 -
129 2513 -
14 22 2
89 1182 6663
89 1182 -
31 118 20
66 620 1192
148 3306 39619
62 578 973
53 410 682
53 410 -
100 1480 11771
100 1480 -
64 567 1249
141 2942 28106
141 2942 -
44 286 276
135 2744 17021
135 2744 -
32 149 31
148 3289 22821
117 1987 7964
72 753 677
149 3349 30486
53 421 326
117 2032 7067
61 595 364
133 2643 9591
10 11 2
117 2049 4750
138 2798 26721
138 2798 -
69 726 1231
91 1211 4201
158 3794 54613
112 1866 12471
112 1866 -
120 2107 16782
120 2107 -
137 2779 31091
127 2404 21038
85 1000 4660
119 2147 15287
119 2147 -
109 1778 8320
45 298 245
44 275 198
122 2192 13954
122 2192 -
147 3210 30192
147 3210 -
47 324 214
37 196 75
37 196 -
99 1450 6737
120 2154 10431
111 1874 7721
77 827 1732
84 1042 2156
9 15 33
38 227 172
45 294 98
44 284 146
96 1330 6480
85 1046 2835
124 2301 12028
38 195 86
38 195 -
38 195 -
126 2364 9493
115 1950 6030
125 2232 8382
135 2697 21001
99 1466 4885
17 46 3
102 1546 4245
40 220 81
40 220 -
30 133 28
29 115 20
18 44 3
69 731 696
51 397 200
118 2146 7621
115 1985 8313
27 104 23
43 271 193
98 1440 6081
145 3107 36439
11 18 5
94 1332 5020
82 1011 2391
43 277 151
27 97 5
85 1034 2197
105 1612 4026
50 365 198
46 317 133
46 317 -
89 1109 3606
89 1109 -
91 1203 4727
95 1329 5059
141 2858 23035
77 867 2445
77 867 -
103 1534 5180
103 1534 -
90 1230 4450
161 3807 57206
118 2077 13841
82 1040 2161
82 1040 -
99 1457 5821
103 1542 5442
78 910 1225
100 1454 4674
113 1837 9117
45 279 98
93 1277 5003
93 1277 -
35 187 27
100 1464 6752
112 1867 7823
88 1123 3944
88 1123 -
88 1123 -
88 1123 -
133 2638 18859
14 25 4
14 25 -
69 736 1182
101 1492 4960
57 471 437
108 1713 6507
108 1713 -
142 3035 18011
142 3000 23390
124 2302 5561
90 1163 2814
128 2449 11592
36 199 24
36 181 62
36 181 -
52 392 238
71 776 804
146 3146 31673
97 1392 4346
21 65 18
21 65 -
21 65 -
120 2084 8736
100 1463 5322
105 1629 4856
105 1629 -
43 288 105
43 288 -
112 1907 7083
58 491 506
95 1334 3887
95 1334 -
89 1150 3124
89 1150 -
141 2920 24261
141 2920 -
65 602 834
141 2868 27264
80 948 2637
122 2179 10336
73 821 1551
148 3197 30018
148 3197 -
89 1171 2355
59 505 413
97 1376 3809
71 779 823
30 130 23
10 17 3
166 4204 37346
180 4821 50966
180 4821 -
147 3204 21045
99 1459 4281
121 2207 7887
190 5413 50116
184 5088 43736
139 2894 14555
89 1182 2674
104 1625 3185
90 1148 2684
113 1891 4955
81 935 1121
