8 8 3
72 509 395
105 1076 9093
36 118 26
129 1642 35920
52 241 49
12 20 3
135 1834 40749
113 1305 15609
95 874 8938
93 861 7198
112 1220 16529
69 461 1065
118 1395 23070
43 163 60
77 592 1773
99 1002 11321
141 1968 44636
99 984 9863
57 325 856
121 1472 20361
97 899 7849
122 1500 16573
78 594 1242
30 91 4
120 1424 14679
111 1158 9334
38 142 51
94 873 5318
135 1780 21866
89 765 2463
96 917 3670
64 410 375
71 510 662
81 627 1088
119 1388 10925
100 1035 5412
82 676 891
120 1394 9975
91 830 2622
101 1000 4115
149 2229 58758
12 13 2
113 1268 9102
99 966 3052
89 795 2273
89 805 2817
56 315 273
126 1642 11832
142 1982 39506
62 332 194
38 148 8
80 653 1084
108 1200 5269
100 1034 4626
112 1225 7633
125 1581 14948
85 676 1496
88 793 2084
71 455 708
35 119 4
124 1544 12547
120 1404 9377
30 104 7
104 1022 3800
14 15 2
18 33 2
91 812 1403
142 2035 34304
45 216 100
141 1976 34635
103 1083 4101
127 1584 19781
105 1080 5576
89 793 2865
85 698 1803
97 912 3877
8 7 2
50 262 107
43 187 52
147 2156 41461
133 1729 20474
117 1344 8757
20 35 10
11 11 1
17 37 2
37 140 4
85 744 1157
150 2262 52128
98 932 5345
66 437 410
90 777 2412
115 1269 7443
99 974 5768
40 163 37
77 562 947
44 173 32
100 967 4255
95 889 3838
27 70 6
53 290 191
117 1474 8003
118 1428 8037
112 1257 6522
145 2119 40880
141 1976 23834
44 203 37
128 1722 12154
112 1193 7114
141 1920 24332
146 2103 39024
137 1859 25818
90 819 2966
139 1931 23774
84 673 1165
117 1417 9738
102 1038 4446
138 1879 25839
124 1495 11444
148 2136 38336
69 481 594
51 248 102
44 175 24
59 330 189
58 294 287
69 482 555
45 175 31
73 541 554
43 164 50
47 216 52
31 102 21
100 1051 3452
36 142 42
122 1461 11089
90 820 2100
148 2172 33867
115 1370 4274
148 2224 42194
89 773 1414
103 1042 3591
26 62 2
46 208 63
8 7 3
53 287 153
29 93 8
133 1760 18731
109 1219 3615
65 429 358
82 687 783
61 351 234
45 178 24
32 106 9
