107 4528 12016
143 8082 39208
110 4821 13859
119 5672 18948
112 4948 14510
131 6763 27482
133 6979 28523
127 6432 24082
105 4361 11047
136 7329 32232
146 8495 41776
125 6220 22970
146 8419 42097
115 5246 16039
124 6130 21445
125 6184 21726
102 4112 9910
127 6452 24340
129 6635 25162
147 8555 44733
144 8177 39356
104 4309 10848
134 7074 29699
128 6487 24697
120 5738 18490
137 7428 31275
148 8729 45286
130 6636 25334
120 5715 19396
137 7478 33040
101 4042 9394
143 8103 38544
142 8027 37108
108 4572 12529
131 6780 26614
101 4055 9515
126 6313 23915
137 7445 32297
112 4974 14558
146 8417 41455
134 7175 30005
113 5064 14886
105 4365 11074
115 5284 16236
149 8861 47062
118 5518 18052
129 6597 26133
149 8811 46140
121 5870 19427
139 7629 34471
128 6518 23809
103 4217 10406
136 7307 31107
146 8494 43094
146 8452 42328
117 5485 17082
123 5970 20938
107 4536 12064
128 6446 23713
136 7360 31282
104 4271 10459
132 6915 28011
109 4723 13471
111 4901 13831
145 8367 41012
112 5000 14471
109 4699 12554
126 6329 23748
139 7637 34285
130 6738 26994
145 8347 40543
107 4609 12020
132 6963 28552
122 5886 20349
117 5457 17584
121 5841 19667
112 5017 14577
149 8821 46209
123 5990 20786
141 7936 36074
107 4559 11759
112 5009 14708
105 4393 11365
103 4200 9908
147 8513 46544
141 7903 37986
124 6103 22079
130 6781 26755
148 8697 49100
119 5577 17752
121 5806 19038
116 5332 16148
126 6281 22567
144 8215 43373
133 6999 30386
123 6049 21980
147 8588 48961
112 4968 17739
136 7321 37740
134 7106 34734
101 4044 10176
114 5152 20492
117 5420 20492
139 7588 39204
122 5956 25267
104 4274 12687
112 4944 17104
118 5579 20731
132 6899 31128
128 6496 27823
106 4458 13264
114 5160 17789
110 4778 14705
106 4481 12797
137 7549 35084
111 4892 15640
101 4085 10192
139 7665 35686
137 7423 34365
118 5523 18910
128 6558 27490
109 4754 13582
113 5064 16003
145 8319 42928
148 8724 46952
105 4389 11737
123 6012 22292
117 5430 17597
112 4983 15110
141 7946 39422
135 7276 31438
118 5485 17736
143 8196 40589
106 4444 11791
102 4119 10436
142 7994 39903
141 7898 39488
103 4187 10823
142 8016 40938
146 8511 44794
106 4424 11996
115 5279 17386
108 4632 13187
139 7654 37148
143 8104 41615
109 4687 13854
124 6062 22949
129 6577 26940
127 6426 25450
150 8962 48036
112 5035 15236
133 7009 31358
121 5729 20537
103 4199 10569
101 4041 9914
139 7642 35737
118 5554 18548
120 5742 20517
106 4461 12105
150 8897 49016
109 4764 14190
108 4633 13342
148 8723 47329
142 7970 39295
110 4794 14457
150 8961 49844
114 5135 16044
132 6935 29082
116 5335 16679
127 6423 25017
108 4632 12694
147 8492 45734
104 4347 10646
110 4739 13365
125 6150 24325
143 8148 43004
128 6505 26246
118 5547 19227
128 6624 27460
147 8658 49417
108 4638 14379
126 6325 25263
131 6845 29346
125 6210 24217
111 4899 14425
132 6871 31222
145 8398 45285
116 5341 17318
114 5167 16988
138 7605 37957
146 8420 45348
138 7640 37509
125 6235 26051
125 6230 25094
131 6780 30429
121 5824 22172
142 7968 42148
124 6127 25000
137 7465 35010
126 6324 25479
124 6125 22480
118 5561 18658
129 6570 28240
107 4486 12060
148 8593 48538
107 4537 11578
131 6870 30994
110 4758 14096
135 7332 34255
140 7768 40314
115 5210 18027
115 5213 18262
106 4457 13892
120 5722 22654
108 4636 14853
145 8411 47445
145 8305 46925
104 4312 13229
125 6176 25594
136 7353 35003
139 7666 39268
135 7232 33982
102 4095 11512
122 5921 22911
101 4058 10985
102 4081 11078
150 8949 53335
141 7934 41838
111 4896 15095
143 8101 44837
140 7781 39695
128 6487 28275
138 7590 38644
121 5844 22457
138 7497 37831
122 5886 23539
103 4217 12297
141 7901 41224
140 7773 41151
109 4641 14786
129 6631 29944
132 6962 31365
144 8250 45464
133 7021 32394
150 8901 52874
132 6911 31988
140 7746 40161
149 8771 50517
113 5091 16730
139 7679 39859
104 4281 12175
123 5992 24338
137 7435 37409
104 4296 13048
139 7691 38278
144 8168 41984
120 5756 22283
134 7122 34010
113 5044 17051
147 8545 46085
149 8782 48971
138 7582 36386
113 5030 16254
123 6043 22773
103 4180 11168
141 7887 39254
125 6194 23984
145 8330 43272
125 6189 23769
136 7387 33454
150 8936 49346
105 4359 11861
131 6809 28410
111 4876 14340
124 6123 23648
129 6613 26745
106 4388 12321
118 5546 18430
127 6361 25352
107 4595 12628
117 5412 17557
122 5917 20577
140 7841 36343
136 7367 32447
140 7750 35619
115 5262 16215
104 4240 10928
119 5609 18954
116 5325 17311
136 7366 31866
137 7437 33405
150 8977 47004
111 4906 14639
101 4035 10216
126 6272 23910
127 6371 24582
138 7535 33028
130 6721 26264
104 4261 11081
110 4759 12999
130 6670 25913
119 5647 18251
130 6758 25834
107 4529 12224
129 6694 25939
109 4701 12922
142 7993 37370
143 8143 38238
102 4140 10108
134 7180 29544
120 5739 18592
147 8595 43060
142 8018 38274
128 6478 25076
120 5672 18514
135 7180 31375
116 5326 16375
135 7235 30924
131 6840 27045
103 4212 10195
134 7129 30819
141 7901 37096
144 8154 40128
127 6410 23234
138 7483 33199
101 4071 9625
135 7252 30604
105 4348 11182
123 6006 21225
120 5739 19563
105 4338 11239
132 6942 27872
114 5156 15418
130 6706 26011
111 4886 13550
145 8392 40938
117 5435 17116
106 4424 11650
106 4452 11415
144 8257 40311
146 8448 43143
121 5778 19652
122 5960 19872
130 6680 26509
133 7034 29082
119 5645 18625
143 8120 38246
133 7029 28799
118 5554 17439
133 7032 29111
134 7204 29878
143 8145 38876
109 4721 12955
133 7089 28368
123 6007 21286
129 6526 25322
143 8035 39527
141 7864 37347
129 6586 25370
124 6096 21785
148 8682 44922
116 5323 16213
131 6846 27707
102 4134 10062
135 7216 30426
103 4214 10329
115 5211 15776
141 7917 37589
126 6301 23984
140 7802 36589
102 4120 10395
121 5811 20518
108 4630 12953
114 5154 15785
140 7700 35390
107 4518 12441
108 4622 12758
119 5575 18438
102 4093 9908
132 6909 28340
113 5078 15006
138 7548 33365
120 5670 18768
119 5645 18368
121 5816 20031
126 6285 23899
111 4837 13385
149 8786 46223
137 7435 32701
131 6790 27626
113 5076 15606
124 6118 22118
136 7363 31901
140 7821 36226
138 7590 32887
148 8665 44973
135 7226 30994
112 4946 14334
130 6675 26781
107 4543 12205
116 5371 16763
115 5238 15966
114 5163 14956
117 5463 17159
135 7219 31289
148 8641 45228
114 5141 15536
113 5006 15210
110 4846 13769
110 4760 12889
109 4721 13116
150 8959 47037
132 6879 28466
119 5609 18453
123 6015 20595
105 4383 10961
102 4133 9904
128 6507 24616
115 5220 16115
145 8322 42802
130 6708 26074
127 6370 24198
145 8394 41000
116 5388 16657
110 4734 13313
147 8521 43615
116 5366 17330
113 5025 14967
125 6261 22912
113 5103 15290
111 4849 14252
108 4616 12967
121 5741 20262
122 5930 20622
103 4260 10814
142 8004 37946
138 7606 34074
144 8255 39877
149 8766 46565
149 8867 44993
119 5650 18291
149 8834 45059
101 4024 9849
133 7014 29384
116 5362 16965
144 8213 40120
111 4906 13670
127 6385 22940
124 6145 21929
126 6385 23742
118 5484 17272
109 4742 13111
146 8462 42593
103 4178 9848
148 8746 44886
133 7068 28325
105 4384 11074
101 4084 9425
147 8543 43066
129 6613 25955
106 4442 11663
104 4287 10765
150 8996 47637
126 6304 23575
102 4078 9522
135 7210 30238
139 7608 34792
134 7078 29873
137 7407 32504
144 8174 39980
120 5681 18702
140 7708 34814
142 8054 38036
148 8671 43987
122 5925 20823
108 4651 12686
122 5908 20501
114 5166 15528
144 8213 41673
119 5620 18538
146 8426 42310
142 7992 38192
131 6784 27754
136 7375 33493
110 4853 13721
114 5164 16240
117 5407 18057
117 5406 18077
123 5921 21359
124 6112 23142
134 7091 27502
134 7173 26912
117 5471 18143
150 8965 30053
147 8553 28055
127 6369 19760
122 5890 17826
149 8833 27238
105 4410 10414
115 5279 12267
