110 3606 27634
102 3020 19939
120 4321 44372
114 3839 32415
130 5107 55741
122 4419 47464
105 3301 21274
127 4858 54079
117 4067 36734
106 3332 22885
102 3065 16358
104 3169 22471
125 4693 48940
123 4505 51162
104 3233 22031
117 4129 37254
118 4115 41536
109 3567 25259
116 3975 39621
121 4403 45239
122 4379 46800
109 3567 23318
113 3716 35860
120 4255 47142
112 3724 31264
116 3952 38602
125 4676 55907
101 2984 18158
101 2993 18783
118 4134 41288
116 3975 39184
114 3849 39673
128 4931 55470
112 3768 30213
114 3794 35260
123 4519 45650
113 3855 30597
122 4459 46383
124 4497 54584
111 3650 27930
124 4509 58045
119 4239 36741
124 4608 47163
118 4079 43774
105 3334 20902
103 3117 21020
108 3457 25905
125 4682 46927
126 4734 54272
101 2993 17453
127 4811 57115
121 4342 47268
118 4201 37593
115 3904 37707
130 5033 56298
114 3855 32185
102 3112 17011
108 3439 27063
124 4643 48477
122 4447 48359
108 3439 23702
122 4375 59320
122 4443 47859
101 3054 17200
120 4379 39189
115 3905 42507
101 3048 17629
107 3409 23790
116 4004 34964
124 4649 53000
107 3389 26331
121 4347 49306
108 3516 25278
112 3690 34621
109 3557 24182
123 4477 53296
112 3735 32465
103 3187 19461
106 3397 21282
105 3324 22864
117 4035 39055
118 4069 48335
119 4273 35302
127 4783 57795
117 4068 36743
109 3522 27978
111 3662 31692
109 3594 22542
128 4864 55800
117 4088 36181
115 3885 36345
118 4131 37930
110 3577 26541
105 3324 21110
124 4626 51446
121 4409 47516
109 3515 27432
102 3059 23661
115 3875 39220
126 4752 57725
101 2971 22326
128 4979 52879
115 3937 35063
110 3605 28489
119 4174 45803
112 3660 38224
120 4205 47698
108 3464 26039
104 3198 21109
116 3986 38714
108 3436 25977
119 4250 37376
107 3383 24556
107 3369 24759
110 3564 27126
125 4624 54584
105 3279 21130
125 4694 50440
107 3394 23245
111 3608 30168
104 3249 20877
108 3497 24322
129 5030 56428
104 3258 19523
113 3762 32151
125 4678 51067
121 4379 44084
117 4078 38697
118 4160 37168
106 3314 24435
111 3699 25262
105 3283 19011
125 4614 54498
112 3820 25964
113 3781 29779
103 3232 16310
104 3238 20060
117 4045 40274
121 4352 45925
111 3653 29785
116 4026 35495
101 3069 16671
111 3660 26195
105 3274 21213
114 3860 34253
112 3780 27485
115 3897 35504
116 4011 36563
110 3603 26502
113 3800 36215
105 3210 25246
124 4607 51316
113 3829 31518
126 4693 58060
111 3617 30361
123 4502 50598
118 4160 37746
113 3781 31945
109 3532 26780
120 4284 42471
105 3291 20435
122 4438 43063
122 4366 55580
122 4410 46818
132 5277 59689
111 3661 27879
127 4835 54899
110 3609 27539
126 4669 59151
112 3707 29958
107 3385 23029
101 3086 15980
114 3824 35287
104 3210 22128
121 4389 44301
106 3304 24786
124 4549 54271
110 3626 26261
101 3040 17554
121 4334 45615
106 3362 21488
119 4256 37054
112 3743 27978
102 3083 19360
125 4703 50902
102 3059 19418
119 4210 39897
102 3058 18811
119 4199 42922
103 3162 17991
106 3334 22806
115 3959 33679
121 4428 43014
114 3862 29792
110 3604 27168
123 4520 44259
115 3910 35249
117 4083 36612
122 4433 43943
114 3862 33258
125 4702 50623
113 3777 31142
104 3266 18045
123 4480 49035
106 3365 20276
110 3591 25163
113 3816 30094
129 4967 57052
107 3392 25284
103 3198 20261
106 3330 22136
125 4647 55650
127 4838 51916
119 4153 47952
109 3546 26188
102 3138 18283
118 4160 37196
106 3353 21746
107 3392 26137
112 3653 33515
115 3945 36489
126 4812 43434
108 3454 23451
118 4171 40519
121 4343 45756
108 3477 23410
117 4066 36705
126 4800 51299
103 3124 20670
111 3617 29792
120 4247 44226
123 4521 50602
105 3293 20745
126 4751 51080
108 3524 20670
106 3338 24968
123 4482 53051
120 4275 43783
120 4311 41975
117 4012 39888
124 4511 55895
116 4071 32980
107 3377 25505
119 4208 39145
102 3033 21552
103 3161 18928
113 3826 31463
111 3703 27054
101 2948 21024
128 4891 56674
103 3133 20328
126 4720 54835
114 3905 33843
116 4090 30379
126 4818 47593
115 3949 32390
123 4493 50326
103 3152 19102
109 3490 28378
120 4243 45709
126 4734 56354
110 3582 29394
114 3907 28823
103 3200 18017
120 4279 43521
104 3200 19722
116 3970 36998
107 3420 21602
109 3508 27278
127 4821 54973
104 3236 20690
127 4814 53328
123 4490 51544
102 3099 18523
119 4193 41908
