145 9401 56067
122 6660 28203
147 9651 58508
138 8523 46832
106 4974 15824
132 7811 38780
131 7671 37890
132 7792 38552
134 8009 40910
110 5421 18318
122 6632 27872
123 6818 29776
111 5564 19764
114 5762 21992
103 4708 14866
134 7979 40565
135 8134 42040
142 8995 50521
146 9504 55210
109 5313 18160
113 5704 20189
110 5384 18185
105 4908 15207
130 7561 35493
113 5684 20259
121 6576 27090
124 6907 29367
136 8283 42315
132 7750 37093
117 6096 22616
132 7795 37188
146 9522 55399
143 9148 51619
112 5632 19629
116 5988 21893
131 7652 35825
125 6948 29412
110 5374 18139
104 4814 14707
139 8643 45319
145 9384 53772
118 6190 23676
135 8151 40353
129 7459 34635
140 8748 46319
144 9266 51948
103 4727 13970
129 7382 33570
105 4892 14477
132 7769 37551
143 9127 50264
135 8166 40893
109 5312 18152
145 9405 54952
126 7084 31248
133 7873 37870
108 5160 16706
132 7812 38853
104 4792 14100
150 9959 58720
108 5229 16970
117 6119 23774
116 6019 23088
140 8744 46763
130 7572 36122
110 5425 19275
146 9517 56790
133 7917 38828
130 7540 34885
144 9242 52467
136 8232 41845
139 8643 46329
120 6413 25155
110 5427 18000
105 4924 14717
136 8277 43402
106 4985 15924
132 7710 38283
127 7215 33453
118 6210 25773
115 5871 22643
135 8083 40264
108 5225 17527
111 5504 20005
132 7786 37557
116 6007 23069
136 8221 40845
125 6993 30444
108 5243 17741
102 4629 13611
142 8985 47812
104 4836 14540
141 8910 47641
127 7155 29899
141 8923 47100
114 5845 20736
131 7642 34467
117 6124 22482
116 5984 21407
103 4693 13228
128 7304 31600
120 6420 24790
114 5824 20382
134 8020 38564
102 4642 13154
146 9565 54087
145 9405 53106
102 4660 13311
124 6819 27742
114 5801 20260
126 7110 30470
117 6155 23741
141 8880 47609
114 5728 20124
124 6836 28321
107 5100 15961
109 5268 17266
101 4540 13202
129 7430 32455
142 9038 48495
114 5779 20231
106 4983 15495
137 8363 42235
122 6618 25910
122 6633 26564
150 9999 59024
141 8951 48246
135 8131 39767
108 5224 15951
122 6655 27323
139 8600 43444
144 9239 50483
137 8384 40807
123 6749 27278
128 7273 31729
119 6333 24446
102 4651 13864
103 4708 14040
133 7938 36709
104 4812 13778
106 5024 15103
131 7651 34142
113 5667 19058
128 7305 31360
134 7984 37122
130 7550 33694
118 6225 22969
108 5209 16403
121 6548 24923
101 4583 12782
131 7658 34348
148 9733 56372
112 5586 18435
109 5279 16780
104 4765 13523
118 6204 22545
128 7278 31925
119 6352 23437
138 8540 45924
126 7106 30315
114 5763 19193
132 7714 36246
102 4648 12868
115 5903 21193
130 7632 37592
134 8024 41806
130 7518 36525
108 5204 17546
136 8289 44211
118 6213 25796
136 8266 42784
126 7122 33102
115 5928 23587
105 4924 16330
132 7788 37661
116 5996 23473
116 5983 22282
121 6514 25952
129 7415 32895
148 9771 55107
125 6951 28601
105 4927 15019
115 5911 20829
102 4645 12989
138 8500 42240
126 7109 29128
104 4794 13731
122 6656 25697
140 8686 43210
141 8904 45635
127 7226 29983
123 6718 26502
134 7976 36065
144 9239 48917
130 7542 32781
127 7215 29921
117 6050 20870
111 5478 17680
119 6308 23401
139 8594 42278
112 5587 18331
113 5679 18628
124 6870 27405
120 6466 24610
101 4576 12214
147 9596 52274
106 5044 14854
107 5108 15182
133 7870 35322
144 9288 50526
118 6226 22950
103 4729 13003
105 4874 13973
135 8145 38909
128 7277 30519
117 6109 21817
123 6765 27163
149 9933 58665
104 4845 14130
135 8111 38414
148 9794 57087
101 4542 12528
146 9529 54309
139 8631 44696
106 4997 14796
139 8641 45007
127 7233 31876
146 9515 54061
128 7318 32450
143 9108 50347
116 6010 22555
148 9760 57261
125 6974 29989
108 5192 17130
107 5101 16713
140 8797 46580
112 5601 19507
112 5605 19492
136 8274 40711
119 6318 24258
112 5595 19244
102 4655 13563
137 8377 42218
116 6006 21879
109 5284 17170
129 7444 32766
141 8871 46043
131 7648 35492
111 5502 18283
117 6159 22426
117 6100 22998
138 8447 41525
121 6528 25778
140 8741 44716
131 7732 36335
110 5386 17946
129 7427 33126
105 4886 14808
131 7634 34099
118 6174 22494
130 7582 34280
125 6928 27686
115 5912 20575
111 5503 17653
149 9953 57331
147 9642 54489
123 6785 27471
120 6411 24696
125 6990 29051
102 4619 12963
148 9790 55987
125 7045 29467
101 4558 12784
124 6951 28590
142 8992 47714
121 6532 25625
137 8399 41096
119 6320 23971
122 6652 25725
137 8435 41060
103 4750 13697
120 6402 24504
133 7879 35518
143 9129 47434
145 9384 51393
121 6510 24686
137 8434 40976
137 8420 41240
148 9765 55640
143 9141 48575
111 5518 17813
101 4535 12263
138 8571 43533
111 5496 17936
145 9380 51005
119 6323 23134
150 10033 58855
134 8006 37187
105 4907 14522
137 8407 41163
123 6727 26017
114 5821 19864
126 7059 29255
104 4815 13792
120 6420 24310
114 5828 20004
150 10039 57522
146 9553 52840
109 5286 16458
110 5432 17810
149 9948 56290
125 6983 29150
117 6127 22366
129 7448 31990
150 10040 59007
102 4645 13050
103 4723 13092
143 9126 48378
131 7680 34823
125 6965 28748
120 6419 24387
140 8715 43963
138 8534 43089
119 6335 23446
140 8750 44761
140 8671 44032
106 5002 15069
121 6526 24994
113 5670 19385
138 8558 42631
143 9183 49547
122 6662 26737
120 6444 24842
110 5408 17064
122 6644 26090
107 5100 15562
142 9032 47198
137 8393 40950
141 8940 45776
123 6822 28093
149 9913 57529
127 7183 29233
128 7325 31040
129 7398 31605
117 6126 22107
101 4578 12500
110 5406 17150
142 9037 47787
124 6884 27571
121 6492 24922
108 5169 15860
133 7868 35915
112 5552 18309
106 5005 14728
119 6344 23782
101 4559 12357
118 6186 21822
127 7217 30529
148 9777 56162
133 7912 36158
131 7651 33763
123 6730 26443
140 8736 44859
147 9655 52964
138 8496 41921
121 6523 25073
112 5598 18220
109 5294 16342
142 8990 45530
130 7521 33176
143 9110 47027
113 5694 19295
126 7136 29473
144 9211 49792
134 8050 38754
135 8158 38302
124 6882 28248
122 6633 25320
114 5779 19994
136 8265 39964
101 4532 12379
123 6769 27012
101 4575 12855
133 7919 36152
149 9993 57693
111 5526 18386
144 9274 49521
125 6938 27631
106 5014 14659
147 9632 53745
139 8616 42766
145 9371 50505
111 5484 17959
137 8411 41364
126 7054 28604
124 6825 27228
107 5099 15848
120 6424 24193
109 5279 16241
124 6823 27019
119 6339 23184
105 4912 14400
110 5428 17626
104 4866 14374
140 8761 46110
148 9747 55073
112 5575 18455
138 8538 43490
142 9089 49815
103 4723 13074
141 8854 46396
139 8623 44720
112 5576 18282
146 9537 54196
147 9683 56259
128 7306 32914
133 7879 37105
127 7196 31674
144 9214 49781
147 9613 54831
127 7223 31858
128 7341 31966
120 6461 24998
139 8619 43001
133 7925 36553
109 5295 16325
107 5115 15375
102 4628 13103
113 5747 19822
107 5087 15037
145 9388 51301
127 7251 31146
134 7974 37504
126 7079 28955
149 9915 56777
144 9295 49561
124 6856 26839
148 9797 54522
107 5088 15537
115 5899 20139
141 8908 45987
149 9890 57111
107 5103 15593
146 9459 52456
141 8895 46075
103 4764 13485
138 8533 42207
129 7401 31465
129 7428 32705
113 5726 18874
121 6522 25133
128 7347 31797
135 8197 40393
115 5879 20172
143 9157 47839
115 5913 20637
116 6018 21614
108 5178 15823
134 7986 36611
105 4920 14112
113 5728 19392
139 8662 43400
136 8260 39647
142 9020 47878
145 9387 50698
126 7073 29450
109 5290 16584
143 9160 48224
147 9680 54293
146 9554 53598
116 5962 20150
103 4744 13524
107 5090 15405
118 6195 22933
104 4833 13954
130 7551 32436
136 8247 38909
144 9184 44995
115 5918 20488
147 9633 47334
118 6220 22703
111 5500 17764
145 9363 40238
113 5670 18843
115 5906 19595
123 6765 23728
150 10049 37304
135 8147 28162
142 8980 29025
119 6351 18746
106 5016 12900
147 9708 30113
