138 6634 28873
107 3975 8747
130 5869 23149
108 4040 9697
143 7129 33651
148 7581 41945
120 4953 17102
129 5743 21685
104 3740 7471
149 7797 40460
125 5336 21228
136 6397 28019
140 6842 29586
135 6331 26658
103 3621 8206
150 7786 46344
134 6129 26989
142 7028 33440
103 3627 8777
118 4842 14996
128 5780 21031
118 4809 15345
102 3613 8096
104 3741 8673
106 3877 9768
139 6597 34827
142 6954 37842
120 5006 16199
113 4397 13141
127 5676 21684
126 5502 20304
112 4305 12503
124 5412 18523
136 6450 29253
114 4550 13041
130 5811 23295
117 4691 15327
108 4073 9993
137 6479 31324
120 4975 16528
128 5677 23232
112 4421 11421
149 7729 44688
123 5231 19039
103 3652 8873
141 6929 35063
128 5690 21728
138 6619 30922
109 4118 10899
130 5900 22936
108 4052 10380
144 7194 39357
148 7657 41810
147 7441 46104
133 6142 26060
127 5579 22226
114 4508 13534
121 5047 17990
104 3787 8799
144 7183 38343
110 4199 10759
129 5723 24086
134 6219 28852
128 5751 22318
126 5539 20955
113 4469 13862
113 4437 12801
146 7429 41485
117 4749 15174
150 7905 46111
137 6493 32579
127 5577 23104
131 5982 24479
132 6098 25564
140 6749 36129
130 5864 23966
101 3553 7717
112 4326 12859
117 4833 15094
110 4243 11645
121 5066 18185
132 6135 26482
124 5347 20654
124 5353 19263
106 3913 10747
140 6814 34855
133 6146 26984
116 4696 14856
104 3748 9442
117 4758 14856
140 6871 32577
123 5275 18564
128 5716 21760
111 4249 12186
101 3631 7420
108 4009 10795
143 7122 36697
120 4982 16916
119 4887 16878
121 5049 17457
148 7765 40359
133 6124 27122
119 4902 18234
143 7059 38849
108 4066 10986
113 4408 13108
107 4001 9782
104 3655 10336
117 4782 15404
115 4569 14614
109 4122 11466
127 5497 24276
124 5379 19889
121 5038 19574
113 4422 13568
123 5246 19396
111 4290 11930
102 3531 9062
118 4867 16257
127 5676 21454
133 6053 28359
109 4096 11071
119 4926 16223
123 5228 19071
119 4925 17043
105 3757 9989
118 4880 17587
105 3854 9446
110 4203 12621
117 4800 15898
125 5435 23539
111 4275 13129
121 5113 20060
146 7353 53234
120 4997 18747
113 4461 14442
104 3816 9778
139 6704 40080
140 6814 43110
117 4760 18541
122 5087 25641
138 6640 39501
116 4665 19302
140 6865 41842
149 7672 59095
139 6662 43914
118 4835 20199
126 5541 27338
106 3918 12745
145 7246 53722
112 4268 17714
138 6679 43020
142 7031 46370
110 4212 15472
103 3679 11199
140 6859 43381
104 3743 12224
145 7309 52018
114 4501 17890
148 7655 57077
105 3823 13475
109 4202 14543
107 3938 13234
105 3818 12609
128 5680 28752
134 6271 36597
115 4561 17917
116 4671 19661
104 3712 12527
129 5794 32060
117 4804 19364
137 6485 42731
144 7249 50843
130 5874 32680
145 7439 49547
115 4524 19035
130 5826 33740
136 6435 40805
125 5429 26055
137 6496 41037
147 7600 54266
121 5105 20685
147 7529 55328
138 6651 41131
114 4592 15999
132 6040 36157
133 6064 36104
112 4380 17739
129 5774 31650
110 4157 16885
117 4725 20279
107 3938 14345
116 4718 19811
106 3917 13424
105 3860 11804
142 7005 48705
146 7497 50954
105 3752 11933
132 6076 35110
147 7525 53412
114 4481 18020
111 4288 16315
146 7434 53553
144 7245 50586
147 7506 56289
135 6348 37485
101 3546 11259
147 7491 54927
101 3534 10698
126 5554 24910
114 4515 18600
121 5004 24121
102 3686 10580
126 5561 26823
126 5575 26730
122 5170 22905
108 4041 13656
106 3899 12778
136 6425 38296
129 5834 29811
110 4192 15400
139 6759 41047
143 7127 47737
128 5562 32286
115 4579 18317
127 5579 28214
115 4623 18614
135 6306 36551
136 6436 37043
131 5955 32868
106 3927 12876
146 7394 54104
139 6761 40711
110 4207 15463
131 6032 31683
149 7788 56841
132 6012 34868
119 4910 20858
120 5017 21690
112 4415 15852
143 7089 50657
147 7502 54157
146 7399 53377
105 3840 12144
139 6738 41750
120 5019 21930
148 7665 53841
125 5435 25471
108 4074 14432
148 7653 54868
105 3831 11539
140 6821 44161
113 4416 17220
139 6688 44143
146 7381 53031
126 5537 27403
136 6493 35933
136 6445 36987
105 3795 12550
120 4986 23214
129 5778 31738
144 7233 51070
122 5228 22962
118 4835 20642
131 5948 32876
125 5450 25974
141 6885 45058
132 6046 34173
135 6333 36470
132 6036 35521
123 5247 24918
114 4527 17083
141 7014 42716
130 5836 30802
101 3530 10100
134 6248 35359
145 7372 47662
125 5417 26917
141 6945 43060
103 3705 11166
112 4334 15781
115 4639 17197
125 5479 24683
109 4148 13225
135 6333 35719
146 7414 50206
129 5752 30681
111 4257 14957
140 6836 39837
142 7059 43135
142 7121 43670
116 4731 17014
103 3720 11021
115 4545 18990
132 6029 33124
140 6800 42987
125 5376 24789
135 6369 34189
109 4097 13975
145 7207 54684
113 4402 15983
141 6941 43196
134 6273 34092
119 4910 20332
137 6498 40525
123 5292 23216
108 4088 13762
112 4345 15734
136 6512 34168
101 3510 9928
124 5386 23577
111 4324 15065
135 6368 35976
122 5202 21753
123 5230 24074
141 6893 44078
149 7816 56135
108 4059 13303
141 6868 45407
110 4190 13535
129 5729 29451
101 3483 10011
130 5813 33103
129 5773 29130
144 7213 47420
114 4526 16501
137 6501 41242
144 7228 48005
131 5979 30622
135 6303 35715
145 7288 51620
123 5236 23992
132 6039 33944
111 4230 14395
115 4607 18154
120 4950 21757
118 4848 21304
109 4067 13944
107 3940 13336
123 5263 22660
111 4310 14919
111 4199 17260
142 7021 46172
143 7077 46910
136 6493 37686
110 4218 14135
107 4006 12708
144 7208 47801
128 5724 27398
134 6216 36060
103 3661 10972
122 5150 21932
101 3544 10068
138 6667 38437
130 5899 29998
133 6175 33815
134 6204 34983
106 3856 12892
133 6076 35315
131 5963 31857
102 3637 10310
102 3638 9968
122 5216 21912
131 5879 32024
149 7780 54250
102 3568 11043
138 6670 41818
141 6914 41910
113 4522 14714
148 7742 50791
139 6589 43708
137 6564 37798
139 6755 38796
107 3984 12131
121 5082 22106
104 3746 11024
138 6606 38402
147 7466 57378
118 4800 19562
127 5614 25332
137 6546 37113
147 7469 54886
149 7699 58530
134 6238 34553
119 4924 20249
148 7595 54231
138 6617 40600
102 3577 10524
123 5239 24278
115 4584 18907
107 3954 13320
146 7404 51572
133 6232 32395
101 3585 9550
133 6162 34611
112 4364 15592
105 3832 11132
115 4626 17567
143 7062 48019
128 5650 31241
147 7578 50196
145 7284 50412
145 7274 50435
109 4131 14307
141 6870 46229
104 3691 11765
119 4886 21420
111 4262 15247
143 7127 46444
133 6142 32758
143 7100 47785
108 4055 13345
127 5568 27904
116 4696 19095
127 5625 27312
102 3598 10475
110 4140 15268
120 5025 21235
143 7171 45162
127 5600 25969
130 5862 31075
145 7278 49998
137 6523 38045
106 3921 12684
122 5172 22467
138 6620 39003
131 5888 34780
132 6073 33672
124 5323 23961
148 7566 57633
116 4691 17453
131 5970 31837
131 5974 31521
118 4853 19982
114 4482 17286
103 3649 11214
117 4726 19985
142 6987 47162
114 4555 16398
119 4893 20349
135 6352 35140
128 5651 29124
118 4800 21018
125 5453 25137
134 6279 34097
124 5300 26125
149 7724 53714
150 7763 55458
124 5339 24006
136 6390 40370
107 3984 12660
142 7027 47252
106 3906 12689
109 4084 14091
126 5537 26559
109 4067 13856
122 5203 21229
113 4411 16983
103 3689 11144
141 6844 43990
102 3570 10879
102 3604 10262
149 7769 53035
144 7226 47718
146 7439 51832
129 5758 29881
144 7146 48734
116 4656 18699
134 6207 37172
125 5439 25635
139 6757 40023
119 4940 19483
121 5043 23225
116 4688 18547
101 3517 9857
124 5331 24110
137 6475 35066
122 5086 24676
126 5516 26817
112 4398 15434
122 5144 22840
145 7266 32909
142 7055 30494
107 3928 13479
126 5560 20354
121 5080 17554
135 6278 22690
116 4693 14828
103 3696 10374
106 3920 10937
124 5337 16354
