110 3606 28174
149 6664 122316
102 3020 20806
143 6176 112534
133 5257 75140
120 4321 45762
146 6345 122262
148 6533 135055
130 5135 62168
147 6409 132642
142 5951 122529
134 5360 76032
114 3839 33489
130 5107 57360
142 6030 109667
132 5162 76287
139 5756 92329
122 4419 49013
149 6526 141797
144 6249 103406
105 3301 22656
141 5964 102976
135 5481 72021
127 4858 55571
134 5384 73641
117 4067 38475
136 5503 85560
148 6561 132554
145 6407 105612
138 5651 95830
150 6690 160180
131 5038 81685
106 3332 22971
102 3065 16850
104 3169 23194
125 4693 50094
123 4505 51663
104 3233 22517
145 6304 122443
134 5295 86565
117 4129 38199
118 4115 42428
146 6352 123772
109 3567 26759
116 3975 41736
150 6659 140817
121 4403 45223
122 4379 49105
109 3567 24208
113 3716 36920
147 6450 131349
120 4255 48543
136 5552 83411
112 3724 32300
133 5326 69082
116 3952 40406
125 4676 52617
101 2984 18587
101 2993 19358
118 4134 43279
131 5117 72629
145 6238 128000
116 3975 40301
114 3849 41284
149 6535 147912
128 4931 56602
129 4934 67177
132 5185 75151
112 3768 31039
133 5308 72414
114 3794 37272
123 4519 45986
113 3855 31271
122 4459 47831
150 6710 153119
149 6687 133242
130 5005 70015
135 5409 91979
124 4497 57616
140 5906 93894
111 3650 28739
124 4509 57783
119 4239 38683
124 4608 48797
118 4079 44900
105 3334 21616
103 3117 22231
108 3457 26899
132 5233 69473
125 4682 48325
126 4734 55473
101 2993 18535
127 4811 59424
121 4342 48780
146 6366 132842
118 4201 38945
115 3904 39475
130 5033 58105
141 5931 92278
114 3855 32968
102 3112 18217
145 6320 116595
108 3439 27769
134 5317 81086
124 4643 48330
150 6634 148913
129 4938 70124
143 6047 113868
122 4447 49324
133 5250 80036
135 5515 71450
149 6575 141453
108 3439 24501
122 4375 59775
122 4443 47549
101 3054 17545
129 4966 61235
120 4379 38914
115 3905 40895
138 5655 99562
101 3048 17321
107 3409 23567
116 4004 34209
124 4649 50502
107 3389 26101
121 4347 47641
137 5556 91075
108 3516 24317
112 3690 33386
145 6146 143004
109 3557 23573
123 4477 52686
112 3735 31700
142 5926 122442
139 5812 84085
139 5728 93478
103 3187 18661
106 3397 20127
105 3324 21725
117 4035 38326
118 4069 48308
134 5328 82019
133 5272 72585
140 5788 107424
119 4273 35911
127 4783 59653
117 4068 37967
136 5507 88064
131 5109 73471
109 3522 28491
111 3662 33279
109 3594 23105
128 4864 58318
117 4088 37672
133 5217 83886
115 3885 37453
143 6103 110146
118 4131 39094
110 3577 28223
136 5517 81867
139 5723 108189
105 3324 22673
124 4626 49552
144 6255 98267
147 6495 118470
138 5698 88954
121 4409 45182
109 3515 25301
128 4898 59023
102 3059 21461
115 3875 37986
126 4752 52282
101 2971 21657
145 6184 136037
128 4979 50725
134 5245 93713
138 5654 92369
115 3937 33295
110 3605 26541
147 6458 120831
124 4508 60339
119 4174 44528
144 6133 128277
135 5355 81906
112 3660 37621
120 4205 48976
135 5458 79950
108 3464 27257
139 5736 107293
136 5552 79482
104 3198 22193
132 5240 66101
116 3986 41616
131 5094 74136
108 3436 27895
119 4250 39270
131 5163 66939
132 5143 75256
141 5871 107090
107 3383 26034
140 5876 102314
144 6104 131364
131 5045 78484
107 3369 25376
110 3564 28004
125 4624 55604
146 6310 131367
130 5061 66455
135 5443 80956
147 6445 127953
105 3279 22060
140 5814 101725
130 5133 67659
139 5791 94668
125 4694 51339
127 4738 63676
143 6129 100700
107 3394 24225
148 6635 122158
129 4902 70184
129 4901 62154
150 6796 124643
111 3608 31196
104 3249 21081
132 5246 74966
108 3497 24947
129 5030 59698
142 5936 117024
129 4879 70356
143 6107 111892
149 6647 136550
104 3258 20485
113 3762 34065
125 4678 53201
137 5501 96644
121 4379 46778
117 4078 40829
148 6525 135538
142 6022 112564
118 4160 39005
137 5640 84597
132 5169 74737
106 3314 25765
129 4920 64734
111 3699 25855
145 6150 142343
105 3283 20176
125 4614 56733
143 6065 116697
112 3820 27203
150 6692 151775
113 3781 30418
133 5261 85375
143 6111 103991
135 5338 97084
103 3232 17360
104 3238 20761
149 6584 134186
144 6114 123444
117 4045 41590
121 4352 46607
111 3653 30907
149 6587 134488
135 5433 81466
147 6466 132792
116 4026 36227
101 3069 16946
134 5321 78019
111 3660 26687
146 6380 111879
139 5822 89559
105 3274 22049
114 3860 34219
112 3780 28875
115 3897 35687
136 5552 82028
116 4011 36227
135 5410 76969
130 5037 72778
110 3603 27992
135 5355 83951
137 5554 85996
113 3800 35758
105 3210 24284
124 4607 50847
113 3829 30354
126 4693 59287
111 3617 30376
145 6148 143261
123 4502 50771
118 4160 39294
138 5666 109144
140 5908 92149
113 3781 33906
150 6681 147458
109 3532 27434
120 4284 43626
105 3291 21422
122 4438 43713
122 4366 57731
122 4410 48081
132 5277 63275
141 5923 103075
147 6453 130847
111 3661 28674
127 4835 57030
110 3609 28613
126 4669 59486
112 3707 30965
147 6466 119000
107 3385 23759
137 5585 84788
150 6739 137184
101 3086 16448
114 3824 37197
104 3210 22680
121 4389 45888
106 3304 25785
124 4549 56593
110 3626 27633
142 5996 107101
136 5539 78186
143 6097 109913
101 3040 18494
121 4334 47836
106 3362 22638
119 4256 37987
128 4887 62291
112 3743 30077
102 3083 20241
125 4703 52164
149 6521 162328
102 3059 20165
144 6107 122875
119 4210 39955
102 3058 19319
136 5546 77975
139 5702 98811
130 5090 64110
119 4199 42082
137 5654 82118
103 3162 18438
137 5528 94226
134 5298 84250
106 3334 22619
146 6401 119922
115 3959 34646
121 4428 45026
114 3862 30609
110 3604 28001
129 4979 61727
148 6491 124797
141 5970 107532
123 4520 46197
115 3910 37073
117 4083 37346
122 4433 45691
114 3862 35104
143 6074 106714
141 5935 100025
141 5958 94648
130 5030 70307
131 5109 69152
137 5564 93785
125 4702 52600
113 3777 32047
136 5486 86090
146 6241 140585
104 3266 19304
123 4480 49956
138 5624 99613
127 4779 67691
144 6106 126799
106 3365 21202
110 3591 26122
134 5328 77204
146 6378 124667
128 4845 60990
144 6186 111880
142 6018 107082
113 3816 31119
129 4967 58542
140 5801 108669
127 4818 63061
107 3392 26748
103 3198 21973
141 5912 101120
132 5205 70512
106 3330 23240
125 4647 56715
127 4838 54278
137 5591 88520
140 5782 107996
138 5682 89276
119 4153 49283
109 3546 27464
102 3138 18912
146 6417 122612
148 6537 130388
118 4160 38292
106 3353 22793
107 3392 27050
112 3653 34355
133 5203 84381
115 3945 38427
126 4812 44661
108 3454 24364
118 4171 41173
140 5877 95001
121 4343 47164
141 5864 111430
148 6504 140475
148 6500 136264
108 3477 24693
117 4066 38567
126 4800 53135
103 3124 21469
147 6465 124507
134 5407 79092
111 3617 31226
120 4247 46021
148 6535 145622
123 4521 53777
142 6069 100116
105 3293 21758
126 4751 53435
108 3524 21755
106 3338 26292
130 5064 66499
139 5772 93557
123 4482 54033
120 4275 44660
131 5096 79815
120 4311 42992
117 4012 41144
145 6292 124157
128 4859 68067
124 4511 57323
150 6718 153101
128 4930 64953
141 5841 108528
147 6399 137372
116 4071 33308
131 5129 67864
107 3377 25818
133 5226 83512
138 5618 97709
119 4208 41887
102 3033 20880
148 6499 140192
142 6069 103239
103 3161 20076
113 3826 32873
149 6681 127284
111 3703 27403
128 4872 65211
101 2948 21952
128 4891 57148
103 3133 21460
126 4720 58215
144 6185 119195
114 3905 34845
116 4090 31792
132 5179 78762
126 4818 48153
115 3949 33076
123 4493 51365
137 5632 77354
140 5785 104204
103 3152 19793
138 5673 90727
109 3490 29400
131 5108 67349
144 6140 121476
120 4243 47312
126 4734 57882
110 3582 29959
136 5534 79578
114 3907 30294
103 3200 18886
120 4279 44783
104 3200 20770
116 3970 36911
107 3420 22511
142 6011 94244
109 3508 28107
138 5607 87334
133 5234 77774
127 4821 57480
104 3236 20779
127 4814 56862
123 4490 54761
102 3099 19027
145 6260 85861
119 4193 42257
139 5824 68943
150 6762 90405
146 6353 84416
140 5768 72000
143 5999 72244
