107 4528 12935
143 8082 41233
110 4821 14864
119 5672 20315
112 4948 15747
131 6763 29314
133 6979 30035
127 6432 25488
105 4361 12060
136 7329 34465
146 8495 44647
125 6220 24624
146 8419 45067
115 5246 17378
124 6130 23462
125 6184 24235
102 4112 10725
127 6452 26444
129 6635 27943
147 8555 46184
144 8177 41647
104 4309 11836
134 7074 32134
128 6487 26084
120 5738 20349
137 7428 33893
148 8729 47929
130 6636 28318
120 5715 20821
137 7478 36021
101 4042 10442
143 8103 40600
142 8027 40692
108 4572 13444
131 6780 29160
101 4055 10516
126 6313 25079
137 7445 35156
112 4974 15749
146 8417 44441
134 7175 32446
113 5064 16879
105 4365 12165
115 5284 17267
149 8861 50384
118 5518 19627
129 6597 28203
149 8811 49890
121 5870 21314
139 7629 37172
128 6518 26793
103 4217 11240
136 7307 34028
146 8494 45789
146 8452 45259
117 5485 19159
123 5970 22790
107 4536 13339
128 6446 26540
136 7360 35526
104 4271 12053
132 6915 31583
109 4723 14617
111 4901 15138
145 8367 48160
112 5000 16167
109 4699 14423
126 6329 27393
139 7637 40823
130 6738 31556
145 8347 48180
107 4609 14318
132 6963 33665
122 5886 24314
117 5457 21812
121 5841 23952
112 5017 17866
149 8821 53011
123 5990 25659
141 7936 41526
107 4559 14407
112 5009 18808
105 4393 13705
103 4200 13484
147 8513 47950
141 7903 40953
124 6103 24930
130 6781 30413
148 8697 47913
119 5577 20414
121 5806 21719
116 5332 18692
126 6281 24951
144 8215 43153
133 6999 30755
123 6049 23166
147 8588 46248
112 4968 15796
136 7321 33188
134 7106 32769
101 4044 10479
114 5152 16730
117 5420 18639
139 7588 36691
122 5956 22535
104 4274 11635
112 4944 15725
118 5579 19753
132 6899 29069
128 6496 27180
106 4458 12693
114 5160 16968
110 4778 15369
106 4481 12395
137 7549 34431
111 4892 15609
101 4085 10375
139 7665 36990
137 7423 34424
118 5523 19322
128 6558 27316
109 4754 13954
113 5064 16292
145 8319 43367
148 8724 47726
105 4389 11960
123 6012 23414
117 5430 17999
112 4983 15677
141 7946 39363
135 7276 32750
118 5485 18608
143 8196 40696
106 4444 12618
102 4119 10904
142 7994 39520
141 7898 39288
103 4187 11232
142 8016 41252
146 8511 44309
106 4424 12653
115 5279 17678
108 4632 13544
139 7654 37697
143 8104 41564
109 4687 14222
124 6062 23121
129 6577 27477
127 6426 26161
150 8962 49189
112 5035 16094
133 7009 30646
121 5729 20702
103 4199 11171
101 4041 10344
139 7642 37306
118 5554 19369
120 5742 21361
106 4461 12676
150 8897 49918
109 4764 14501
108 4633 13631
148 8723 46640
142 7970 39672
110 4794 14966
150 8961 49246
114 5135 16796
132 6935 29798
116 5335 17934
127 6423 26215
108 4632 13556
147 8492 45633
104 4347 11802
110 4739 14669
125 6150 23757
143 8148 42030
128 6505 26079
118 5547 18718
128 6624 26807
147 8658 47743
108 4638 13955
126 6325 25342
131 6845 28848
125 6210 24743
111 4899 15170
132 6871 30061
145 8398 44015
116 5341 17643
114 5167 16726
138 7605 36617
146 8420 43988
138 7640 35188
125 6235 23790
125 6230 23685
131 6780 29411
121 5824 21293
142 7968 39473
124 6127 24542
137 7465 34705
126 6324 25191
124 6125 23805
118 5561 19679
129 6570 27317
107 4486 12618
148 8593 46093
107 4537 13022
131 6870 30367
110 4758 14368
135 7332 33273
140 7768 37684
115 5210 17168
115 5213 17323
106 4457 12965
120 5722 20807
108 4636 13708
145 8411 43422
145 8305 44418
104 4312 11757
125 6176 24087
136 7353 33827
139 7666 37062
135 7232 33630
102 4095 10599
122 5921 22440
101 4058 10664
102 4081 10840
150 8949 50545
141 7934 39998
111 4896 15025
143 8101 42178
140 7781 38061
128 6487 27397
138 7590 35893
121 5844 21851
138 7497 35764
122 5886 21615
103 4217 11218
141 7901 39584
140 7773 37610
109 4641 14068
129 6631 27557
132 6962 30242
144 8250 43200
133 7021 31174
150 8901 48503
132 6911 29495
140 7746 37916
149 8771 48283
113 5091 16119
139 7679 37050
104 4281 11723
123 5992 23002
137 7435 34817
104 4296 11517
139 7691 35939
144 8168 40321
120 5756 20675
134 7122 32747
113 5044 16185
147 8545 44764
149 8782 47068
138 7582 36378
113 5030 16354
123 6043 22702
103 4180 11251
141 7887 38381
125 6194 23725
145 8330 42822
125 6189 23953
136 7387 34162
150 8936 51606
105 4359 12150
131 6809 28758
111 4876 14656
124 6123 23719
129 6613 27362
106 4388 12436
118 5546 19122
127 6361 25785
107 4595 13011
117 5412 18268
122 5917 22045
140 7841 37808
136 7367 32865
140 7750 36764
115 5262 17277
104 4240 11633
119 5609 19790
116 5325 18302
136 7366 33776
137 7437 34512
150 8977 50020
111 4906 15036
101 4035 10344
126 6272 24241
127 6371 25896
138 7535 35341
130 6721 28245
104 4261 11825
110 4759 14651
130 6670 27372
119 5647 20027
130 6758 27733
107 4529 13149
129 6694 28101
109 4701 13766
142 7993 40746
143 8143 41008
102 4140 11169
134 7180 32302
120 5739 20643
147 8595 46793
142 8018 40637
128 6478 27071
120 5672 20750
135 7180 33332
116 5326 17571
135 7235 33613
131 6840 29168
103 4212 11374
134 7129 33288
141 7901 38517
144 8154 43525
127 6410 25743
138 7483 36008
101 4071 10533
135 7252 33346
105 4348 12273
123 6006 22264
120 5739 20622
105 4338 12483
132 6942 29319
114 5156 16699
130 6706 28173
111 4886 14865
145 8392 44333
117 5435 18632
106 4424 12448
106 4452 12675
144 8257 41611
146 8448 45515
121 5778 21183
122 5960 21288
130 6680 28107
133 7034 31220
119 5645 19937
143 8120 41028
133 7029 31070
118 5554 19277
133 7032 31274
134 7204 31967
143 8145 41087
109 4721 13880
133 7089 31184
123 6007 22156
129 6526 27540
143 8035 40906
141 7864 37907
129 6586 27112
124 6096 23586
148 8682 47676
116 5323 17636
131 6846 29332
102 4134 11021
135 7216 31836
103 4214 11253
115 5211 17125
141 7917 39635
126 6301 24768
140 7802 38905
102 4120 11110
121 5811 21145
108 4630 13068
114 5154 16571
140 7700 37205
107 4518 12799
108 4622 13358
119 5575 19378
102 4093 10707
132 6909 30364
113 5078 16505
138 7548 35803
120 5670 19718
119 5645 20215
121 5816 21222
126 6285 24917
111 4837 14669
149 8786 48936
137 7435 33809
131 6790 28925
113 5076 16103
124 6118 23473
136 7363 33965
140 7821 38507
138 7590 35132
148 8665 47897
135 7226 32829
112 4946 15337
130 6675 27987
107 4543 12789
116 5371 17756
115 5238 17030
114 5163 16370
117 5463 18391
135 7219 33055
148 8641 48424
114 5141 16606
113 5006 15953
110 4846 14862
110 4760 14073
109 4721 14101
150 8959 50508
132 6879 31087
119 5609 19737
123 6015 22836
105 4383 12207
102 4133 10793
128 6507 26458
115 5220 17398
145 8322 44678
130 6708 29082
127 6370 26109
145 8394 44595
116 5388 18349
110 4734 14919
147 8521 45230
116 5366 17784
113 5025 15977
125 6261 24279
113 5103 16336
111 4849 15187
108 4616 13894
121 5741 20957
122 5930 22114
103 4260 11372
142 8004 40437
138 7606 35358
144 8255 43146
149 8766 49160
149 8867 49013
119 5650 20103
149 8834 49073
101 4024 10479
133 7014 30740
116 5362 17705
144 8213 44036
111 4906 14600
127 6385 25114
124 6145 23297
126 6385 25312
118 5484 19377
109 4742 13907
146 8462 44311
103 4178 10924
148 8746 46875
133 7068 30877
105 4384 12203
101 4084 10579
147 8543 45878
129 6613 27995
106 4442 12284
104 4287 11600
150 8996 49960
126 6304 25373
102 4078 10809
135 7210 32692
139 7608 36872
134 7078 31122
137 7407 33710
144 8174 42154
120 5681 20632
140 7708 37379
142 8054 41364
148 8671 46316
122 5925 21535
108 4651 13544
122 5908 22171
114 5166 16791
144 8213 43018
119 5620 19484
146 8426 43487
142 7992 38881
131 6784 28774
136 7375 33555
110 4853 14502
114 5164 16976
117 5407 18330
117 5406 19026
123 5921 22220
124 6112 23192
134 7091 28280
134 7173 26703
117 5471 18263
150 8965 30969
147 8553 28663
127 6369 19791
122 5890 17034
149 8833 26675
105 4410 10215
115 5279 12595
