145 9401 53542
122 6660 27387
147 9651 58200
138 8523 45609
150 10071 62655
106 4974 15729
132 7811 37488
131 7671 37096
132 7792 37600
134 8009 39713
110 5421 18469
122 6632 27818
123 6818 28915
111 5564 19721
114 5762 21391
103 4708 14122
134 7979 39233
135 8134 42015
142 8995 51754
146 9504 55910
109 5313 17897
113 5704 20600
110 5384 18520
105 4908 16153
130 7561 37649
113 5684 20831
121 6576 28490
124 6907 31380
136 8283 44375
132 7750 38248
117 6096 25059
132 7795 39647
146 9522 57339
143 9148 53270
112 5632 21688
116 5988 23783
131 7652 36747
125 6948 30097
149 9928 60006
110 5374 18907
149 9946 61132
104 4814 14841
139 8643 46973
145 9384 53593
118 6190 24102
135 8151 41047
129 7459 35553
140 8748 46280
144 9266 53155
150 10111 63121
103 4727 14167
129 7382 33912
105 4892 15463
132 7769 37585
143 9127 52053
135 8166 41201
109 5312 18177
145 9405 54303
126 7084 31795
133 7873 38518
108 5160 16715
132 7812 37250
104 4792 14447
150 9959 60498
108 5229 17572
117 6119 22917
148 9807 59531
116 6019 23117
140 8744 46418
130 7572 35540
110 5425 18721
146 9517 55120
133 7917 39364
130 7540 34873
144 9242 51168
136 8232 42042
139 8643 47114
120 6413 25949
110 5427 18813
105 4924 15529
136 8277 42042
106 4985 15662
132 7710 36757
127 7215 33094
118 6210 23835
115 5871 21865
135 8083 39950
108 5225 17901
111 5504 19518
132 7786 37285
116 6007 22947
136 8221 42337
125 6993 30105
108 5243 17590
102 4629 14011
142 8985 50574
104 4836 14812
141 8910 48840
127 7155 32128
141 8923 49931
150 10069 62829
114 5845 21557
131 7642 36675
117 6124 23673
116 5984 22468
103 4693 14011
128 7304 32847
120 6420 25775
114 5824 21845
134 8020 39725
102 4642 14311
146 9565 56339
145 9405 54141
102 4660 13931
124 6819 28942
114 5801 21223
126 7110 32268
117 6155 24395
141 8880 48707
114 5728 20717
124 6836 29312
107 5100 16938
109 5268 17812
101 4540 13446
129 7430 33770
142 9038 50049
114 5779 21160
106 4983 16149
137 8363 42201
122 6618 27468
122 6633 28206
150 9999 60201
141 8951 50815
135 8131 41007
108 5224 17594
122 6655 27832
139 8600 45783
144 9239 53123
137 8384 43594
123 6749 28541
128 7273 32967
119 6333 25513
102 4651 13951
103 4708 14297
133 7938 39955
104 4812 15053
106 5024 16487
131 7651 36127
113 5667 20440
128 7305 33471
134 7984 40870
130 7550 36121
118 6225 24727
108 5209 17468
121 6548 27844
101 4583 13669
131 7658 36689
148 9733 58018
112 5586 20412
109 5279 18498
104 4765 15158
118 6204 24718
150 10101 62529
128 7278 33002
119 6352 25914
138 8540 45034
126 7106 31735
114 5763 21374
132 7714 37376
102 4648 14206
149 9937 60836
115 5903 22065
130 7632 37063
134 8024 39385
130 7518 34595
108 5204 17191
136 8289 43618
118 6213 24679
136 8266 42941
126 7122 32422
115 5928 22067
105 4924 15387
132 7788 37792
116 5996 22740
116 5983 22573
121 6514 27056
129 7415 34485
148 9771 58642
125 6951 30028
105 4927 15492
115 5911 22543
102 4645 13788
138 8500 44110
126 7109 32330
104 4794 14509
122 6656 28013
140 8686 46288
141 8904 48748
127 7226 33077
123 6718 28755
134 7976 40067
144 9239 53294
130 7542 34925
127 7215 33053
117 6050 22824
111 5478 18729
119 6308 25165
139 8594 46202
112 5587 20286
113 5679 20799
124 6870 29174
120 6466 26771
101 4576 13618
147 9596 56798
106 5044 16335
107 5108 17073
133 7870 37903
144 9288 52456
118 6226 24603
103 4729 14502
105 4874 15032
135 8145 41545
128 7277 33353
117 6109 23552
123 6765 27963
149 9933 60424
104 4845 15278
135 8111 40085
148 9794 57498
101 4542 13752
146 9529 56311
139 8631 46808
106 4997 15772
139 8641 46479
127 7233 32441
146 9515 54788
128 7318 33496
143 9108 51257
116 6010 22537
148 9760 64192
125 6974 30745
108 5192 16981
107 5101 16362
140 8797 47462
112 5601 19754
112 5605 19953
136 8274 43033
119 6318 25106
112 5595 19874
102 4655 13816
137 8377 42498
116 6006 22926
109 5284 17860
129 7444 34852
141 8871 47907
131 7648 36686
111 5502 19044
117 6159 23882
117 6100 22660
138 8447 43740
121 6528 26410
140 8741 47592
131 7732 37338
110 5386 18454
129 7427 34139
105 4886 15181
131 7634 36368
118 6174 23946
130 7582 35634
125 6928 30261
115 5912 21934
111 5503 19318
149 9953 60417
147 9642 56828
123 6785 29199
120 6411 25451
125 6990 31601
102 4619 13535
148 9790 58932
125 7045 31275
101 4558 13332
124 6951 30987
142 8992 50919
121 6532 27514
137 8399 43923
119 6320 25543
122 6652 27564
137 8435 44932
103 4750 14884
120 6402 25617
133 7879 37620
143 9129 51251
145 9384 54187
121 6510 25952
137 8434 44242
137 8420 44455
148 9765 59036
143 9141 51984
111 5518 19745
101 4535 13191
138 8571 46142
111 5496 19630
145 9380 53341
119 6323 25031
150 10033 60812
134 8006 39419
105 4907 15676
137 8407 43506
123 6727 28606
114 5821 21325
126 7059 30957
104 4815 14991
120 6420 25969
114 5828 21670
150 10039 62760
146 9553 55780
109 5286 17820
110 5432 19103
149 9948 61746
125 6983 30542
117 6127 23962
129 7448 34701
150 10040 60724
102 4645 13884
103 4723 14159
143 9126 50686
131 7680 36525
125 6965 30586
120 6419 26444
140 8715 46521
138 8534 45266
119 6335 25622
140 8750 47792
140 8671 45850
106 5002 15811
121 6526 26964
113 5670 20606
138 8558 46245
143 9183 51317
122 6662 27422
120 6444 26513
110 5408 18769
122 6644 27370
107 5100 16853
142 9032 50543
137 8393 43649
141 8940 50129
123 6822 29548
149 9913 60532
127 7183 32157
128 7325 33684
129 7398 33435
117 6126 23964
101 4578 13773
110 5406 18593
142 9037 50036
124 6884 29786
121 6492 26951
108 5169 17259
133 7868 37902
112 5552 19221
106 5005 16042
119 6344 25771
101 4559 14018
118 6186 24033
127 7217 32404
148 9777 57931
133 7912 38196
131 7651 36280
123 6730 28815
140 8736 46180
147 9655 58324
138 8496 44457
121 6523 26651
112 5598 20169
109 5294 18125
142 8990 49292
130 7521 35085
143 9110 50279
113 5694 20660
126 7136 31998
144 9211 52135
134 8050 40949
135 8158 41986
124 6882 29558
122 6633 27765
114 5779 21872
136 8265 41631
101 4532 13154
123 6769 28197
101 4575 13980
133 7919 39354
149 9993 62631
111 5526 19613
144 9274 52685
125 6938 30364
106 5014 16365
147 9632 56523
139 8616 46656
145 9371 53820
111 5484 19207
137 8411 44335
126 7054 30843
124 6825 29490
107 5099 17391
120 6424 26146
109 5279 17761
124 6823 29548
119 6339 24856
105 4912 15435
110 5428 18850
104 4866 15382
140 8761 47781
148 9747 58515
112 5575 19640
138 8538 44563
142 9089 50898
103 4723 14452
141 8854 47898
139 8623 45608
112 5576 19283
146 9537 56062
147 9683 59089
128 7306 33420
133 7879 38992
127 7196 32363
144 9214 51202
147 9613 55117
127 7223 31742
128 7341 32919
120 6461 26872
139 8619 45588
133 7925 39056
109 5295 17849
107 5115 16744
102 4628 14280
113 5747 21384
107 5087 16242
145 9388 53909
127 7251 32768
134 7974 39764
126 7079 31348
149 9915 58987
144 9295 53278
124 6856 29839
148 9797 59168
107 5088 16927
115 5899 21839
141 8908 49456
149 9890 59537
107 5103 16389
146 9459 55683
141 8895 47972
103 4764 14751
138 8533 44086
129 7401 34296
129 7428 34957
113 5726 20811
121 6522 26845
128 7347 34007
135 8197 41849
115 5879 21351
143 9157 52132
115 5913 22544
116 6018 22808
108 5178 17263
134 7986 40255
105 4920 16117
113 5728 21360
139 8662 46300
136 8260 41551
142 9020 49786
145 9387 53364
126 7073 31329
109 5290 17684
143 9160 52080
147 9680 57563
146 9554 57037
116 5962 22390
103 4744 14311
107 5090 16468
118 6195 24583
104 4833 15003
130 7551 36120
136 8247 40686
144 9184 48030
115 5918 21836
147 9633 50124
118 6220 24403
111 5500 19005
145 9363 43228
113 5670 20675
115 5906 21230
123 6765 24352
150 10049 37865
135 8147 29406
142 8980 31472
119 6351 20168
106 5016 14471
147 9708 28860
