138 6634 40759
107 3975 13685
130 5869 33054
108 4040 14558
143 7129 48364
148 7581 58792
120 4953 24000
129 5743 30366
104 3740 11774
149 7797 54743
125 5336 29972
136 6397 38501
140 6842 42281
135 6331 37244
103 3621 11833
150 7786 61853
134 6129 37634
142 7028 46244
103 3627 11795
118 4842 21021
128 5780 28861
118 4809 21295
102 3613 11097
104 3741 12015
106 3877 13384
139 6597 46291
142 6954 49893
120 5006 22366
113 4397 18208
127 5676 28865
126 5502 27767
112 4305 16878
124 5412 24365
136 6450 38998
114 4550 17593
130 5811 31187
117 4691 20685
108 4073 13876
137 6479 42583
120 4975 21878
128 5677 31686
112 4421 15914
149 7729 58423
123 5231 24842
103 3652 11727
141 6929 46627
128 5690 29205
138 6619 40958
109 4118 14938
130 5900 30587
108 4052 13864
144 7194 50605
148 7657 54480
147 7441 59007
133 6142 35051
127 5579 29652
114 4508 17795
121 5047 24104
104 3787 11853
144 7183 50555
110 4199 15099
129 5723 31714
134 6219 37145
128 5751 29517
126 5539 27636
113 4469 18039
113 4437 16597
146 7429 52302
117 4749 20024
150 7905 59920
137 6493 40921
127 5577 29688
131 5982 32016
132 6098 33442
140 6749 46177
130 5864 31317
101 3553 10430
112 4326 17230
117 4833 19803
110 4243 15127
121 5066 23023
132 6135 34251
124 5347 26104
124 5353 25342
106 3913 13973
140 6814 45699
133 6146 35147
116 4696 19245
104 3748 12369
117 4758 19397
140 6871 44329
123 5275 25381
128 5716 29059
111 4249 16344
101 3631 9784
108 4009 14291
143 7122 48708
120 4982 22937
119 4887 22669
121 5049 23201
148 7765 53826
133 6124 35938
119 4902 22435
143 7059 49939
108 4066 14768
113 4408 18159
107 4001 13430
104 3655 13537
117 4782 20400
115 4569 19596
109 4122 15109
127 5497 30742
124 5379 25903
121 5038 25759
113 4422 17604
123 5246 24712
111 4290 15475
102 3531 11885
118 4867 20881
127 5676 26845
133 6053 34818
109 4096 14060
119 4926 21213
123 5228 24243
119 4925 21611
105 3757 13181
118 4880 21813
105 3854 12255
110 4203 15472
117 4800 19777
125 5435 27445
111 4275 15894
121 5113 23427
146 7353 55173
120 4997 21993
113 4461 17134
104 3816 11764
139 6704 42507
140 6814 44312
117 4760 20593
122 5087 26352
138 6640 40051
116 4665 20486
140 6865 43179
149 7672 59929
150 7824 62933
139 6662 43888
118 4835 21083
126 5541 28136
149 7614 61287
106 3918 13164
145 7246 54471
112 4268 17427
138 6679 43013
150 7848 63024
142 7031 46805
110 4212 15656
103 3679 11214
140 6859 43402
104 3743 12304
145 7309 51116
114 4501 18143
148 7655 55074
105 3823 13806
150 7815 59118
109 4202 14515
150 7836 63278
150 7786 65937
107 3938 13726
105 3818 12920
128 5680 28991
134 6271 36547
150 7822 62146
115 4561 18579
116 4671 19091
104 3712 12827
129 5794 31021
117 4804 19123
137 6485 42998
144 7249 52063
130 5874 33032
145 7439 49861
115 4524 18570
130 5826 33553
136 6435 40901
125 5429 27505
137 6496 41232
147 7600 55367
121 5105 22264
147 7529 54802
138 6651 40693
114 4592 16627
132 6040 36274
133 6064 35330
112 4380 17506
129 5774 31576
110 4157 16290
117 4725 20103
107 3938 14088
116 4718 19606
106 3917 13620
105 3860 12238
142 7005 48656
146 7497 50596
105 3752 12585
132 6076 34925
147 7525 53828
150 7789 61921
114 4481 18322
111 4288 15909
146 7434 53696
144 7245 49966
148 7579 60479
147 7506 54533
135 6348 37187
101 3546 10823
147 7491 56184
101 3534 10816
126 5554 25132
114 4515 19123
121 5004 23817
102 3686 11130
126 5561 27380
126 5575 26592
122 5170 23467
108 4041 14351
106 3899 12933
136 6425 38424
129 5834 30047
110 4192 15876
139 6759 42168
143 7127 48509
128 5562 32163
115 4579 18318
127 5579 29111
115 4623 18697
135 6306 37109
136 6436 38550
131 5955 34023
106 3927 13436
146 7394 54362
139 6761 41715
110 4207 15844
131 6032 32343
149 7788 58294
132 6012 35061
119 4910 20860
120 5017 22075
112 4415 16484
143 7089 49914
147 7502 55104
146 7399 54291
105 3840 12368
139 6738 42241
120 5019 21734
148 7665 54255
125 5435 26350
108 4074 14662
148 7653 55585
105 3831 12321
140 6821 44734
113 4416 17400
139 6688 44761
146 7381 53094
126 5537 28000
136 6493 36344
136 6445 37820
105 3795 12816
120 4986 24002
129 5778 32525
144 7233 51807
122 5228 23652
118 4835 21451
131 5948 33137
125 5450 26634
141 6885 46297
132 6046 34505
135 6333 37045
132 6036 35910
123 5247 25404
114 4527 17377
141 7014 44397
130 5836 32495
101 3530 10935
134 6248 36431
145 7372 49688
125 5417 27845
141 6945 45020
103 3705 11745
112 4334 16443
115 4639 18126
125 5479 26144
109 4148 14282
135 6333 38192
146 7414 53572
129 5752 31612
111 4257 16040
140 6836 42909
142 7059 44418
142 7121 47208
116 4731 18266
103 3720 11699
115 4545 20233
132 6029 34694
140 6800 45476
125 5376 25974
135 6369 36409
109 4097 14601
145 7207 58410
113 4402 16853
141 6941 44657
134 6273 35981
119 4910 22119
137 6498 42052
123 5292 25105
108 4088 14726
112 4345 16662
136 6512 37053
101 3510 10405
124 5386 25161
111 4324 16189
135 6368 38130
122 5202 23202
123 5230 25505
141 6893 46157
149 7816 58579
108 4059 14679
141 6868 46466
110 4190 14801
129 5729 31024
101 3483 10847
130 5813 34310
129 5773 31570
144 7213 49903
114 4526 17419
137 6501 43050
144 7228 50393
131 5979 32971
135 6303 38303
145 7288 53190
123 5236 25361
132 6039 36154
111 4230 15272
115 4607 19035
120 4950 23489
118 4848 22231
109 4067 15237
107 3940 14171
123 5263 24786
111 4310 15998
111 4199 18507
142 7021 49689
143 7077 49793
136 6493 39759
110 4218 15086
107 4006 13284
144 7208 49827
128 5724 29504
134 6216 37655
103 3661 11721
122 5150 23241
101 3544 11143
138 6667 40496
130 5899 32548
133 6175 35829
134 6204 36000
106 3856 13718
133 6076 36946
131 5963 34529
102 3637 10785
102 3638 11120
122 5216 24082
131 5879 34196
149 7780 57382
102 3568 12126
138 6670 41328
141 6914 45344
113 4522 16488
148 7742 52563
139 6589 46462
137 6564 39959
139 6755 40857
107 3984 12958
121 5082 23521
104 3746 12385
138 6606 41082
147 7466 58937
118 4800 21226
127 5614 27715
137 6546 39393
147 7469 57196
149 7699 60990
134 6238 36459
119 4924 21529
148 7595 58063
138 6617 43556
102 3577 11539
123 5239 25690
115 4584 20296
107 3954 14368
146 7404 54308
133 6232 33798
101 3585 10479
133 6162 36426
112 4364 16719
105 3832 12263
115 4626 18892
143 7062 50555
128 5650 32205
147 7578 52663
145 7284 52290
145 7274 54223
109 4131 15064
141 6870 49552
104 3691 12493
119 4886 22688
111 4262 16359
143 7127 49467
133 6142 35712
143 7100 50251
108 4055 14079
127 5568 29764
116 4696 20011
127 5625 28632
102 3598 11052
110 4140 16515
120 5025 22708
143 7171 48171
127 5600 27648
130 5862 31503
145 7278 51989
137 6523 40563
106 3921 13753
122 5172 23622
138 6620 41164
131 5888 36753
132 6073 35135
124 5323 25856
148 7566 60433
116 4691 18489
131 5970 33834
131 5974 33240
118 4853 21062
114 4482 18910
103 3649 12040
117 4726 21428
142 6987 45454
114 4555 17775
119 4893 21566
135 6352 37380
128 5651 30466
118 4800 22744
125 5453 26564
134 6279 36553
124 5300 27990
149 7724 57996
150 7763 58278
124 5339 25596
136 6390 42413
107 3984 13847
142 7027 49611
106 3906 13835
109 4084 15262
126 5537 28137
109 4067 14860
122 5203 22782
113 4411 17890
103 3689 12050
141 6844 47291
102 3570 11364
102 3604 11230
149 7769 55793
144 7226 48947
146 7439 53535
129 5758 31520
144 7146 51958
116 4656 20278
134 6207 38867
125 5439 26575
139 6757 42083
119 4940 20821
121 5043 24939
116 4688 19770
101 3517 10810
124 5331 25692
137 6475 37017
122 5086 25439
126 5516 28304
112 4398 16196
122 5144 24552
145 7266 35014
142 7055 33134
107 3928 14357
126 5560 22315
121 5080 18696
135 6278 25934
116 4693 16500
103 3696 11636
106 3920 11758
124 5337 17301
