107 4528 3037
143 8082 6128
110 4821 3472
119 5672 4247
112 4948 3412
131 6763 4524
133 6979 5315
127 6432 3836
105 4361 2785
136 7329 5767
146 8495 6330
125 6220 5138
146 8419 6612
115 5246 3344
124 6130 3748
125 6184 4021
102 4112 2768
127 6452 5302
129 6635 3979
147 8555 6208
144 8177 7889
104 4309 2304
134 7074 4002
128 6487 4957
120 5738 3287
137 7428 6607
148 8729 5384
130 6636 4904
120 5715 4320
137 7478 5455
101 4042 2894
143 8103 5735
142 8027 6030
108 4572 3653
131 6780 4888
101 4055 2661
126 6313 4932
137 7445 5338
112 4974 3103
146 8417 6328
134 7175 5129
113 5064 3598
105 4365 3127
115 5284 3697
149 8861 6346
118 5518 4163
129 6597 4572
149 8811 5751
121 5870 4030
139 7629 6255
128 6518 4704
103 4217 2803
136 7307 5487
146 8494 6017
146 8452 6901
117 5485 3889
123 5970 4346
107 4536 2945
128 6446 4877
136 7360 5077
104 4271 2851
132 6915 5152
109 4723 3441
111 4901 3416
145 8367 5799
112 5000 3563
109 4699 3687
126 6329 4160
139 7637 5574
130 6738 4282
145 8347 6111
107 4609 3113
132 6963 5890
122 5886 3687
117 5457 3349
121 5841 4468
112 5017 2823
149 8821 6013
123 5990 3867
141 7936 4486
107 4559 3279
112 5009 2902
105 4393 2813
103 4200 2755
147 8513 4753
141 7903 6223
124 6103 3483
130 6781 5601
148 8697 6146
119 5577 3891
121 5806 3437
116 5332 3718
126 6281 4765
144 8215 6032
133 6999 5324
123 6049 5031
147 8588 6516
112 4968 3316
136 7321 5773
134 7106 5095
101 4044 2554
114 5152 3630
117 5420 3730
139 7588 5707
122 5956 3739
104 4274 3013
112 4944 3306
118 5579 3358
132 6899 4631
128 6496 4464
106 4458 2841
114 5160 2973
110 4778 2767
106 4481 2977
137 7549 5244
111 4892 2909
101 4085 2571
139 7665 5908
137 7423 5535
118 5523 4654
128 6558 4385
109 4754 3747
113 5064 3577
145 8319 5999
148 8724 5745
105 4389 3596
123 6012 3694
117 5430 4511
112 4983 3848
141 7946 6018
135 7276 5630
118 5485 3664
143 8196 6000
106 4444 3011
102 4119 3513
142 7994 5779
141 7898 6277
103 4187 3016
142 8016 6329
146 8511 6052
106 4424 3772
115 5279 3946
108 4632 3424
139 7654 5275
143 8104 5916
109 4687 3505
124 6062 4045
129 6577 4113
127 6426 3958
150 8962 5373
112 5035 3534
133 7009 4875
121 5729 6760
103 4199 2867
101 4041 3011
139 7642 5825
118 5554 3978
120 5742 4344
106 4461 2437
150 8897 6441
109 4764 3041
108 4633 3084
148 8723 7431
142 7970 5954
110 4794 3129
150 8961 6891
114 5135 3440
132 6935 5408
116 5335 3610
127 6423 4819
108 4632 3323
147 8492 6276
104 4347 3604
110 4739 3325
125 6150 4263
143 8148 5847
128 6505 4616
118 5547 3754
128 6624 5361
147 8658 6352
108 4638 3409
126 6325 5231
131 6845 5551
125 6210 4382
111 4899 3605
132 6871 4927
145 8398 5844
116 5341 3845
114 5167 3687
138 7605 5084
146 8420 6837
138 7640 5412
125 6235 4458
125 6230 5082
131 6780 5352
121 5824 4701
142 7968 6048
124 6127 4497
137 7465 5331
126 6324 4115
124 6125 4295
118 5561 3825
129 6570 5024
107 4486 2740
148 8593 4695
107 4537 2473
131 6870 5821
110 4758 3044
135 7332 4721
140 7768 5696
115 5210 2938
115 5213 3748
106 4457 3139
120 5722 3542
108 4636 3103
145 8411 6266
145 8305 6846
104 4312 2841
125 6176 3914
136 7353 5961
139 7666 4786
135 7232 5359
102 4095 2758
122 5921 3843
101 4058 3159
102 4081 3085
150 8949 6591
141 7934 6190
111 4896 3136
143 8101 6522
140 7781 6750
128 6487 5073
138 7590 6265
121 5844 4037
138 7497 4804
122 5886 4536
103 4217 3200
141 7901 4577
140 7773 6445
109 4641 3960
129 6631 4583
132 6962 5691
144 8250 6617
133 7021 4633
150 8901 6098
132 6911 5839
140 7746 6176
149 8771 6678
113 5091 3504
139 7679 7503
104 4281 3629
123 5992 4224
137 7435 4975
104 4296 3223
139 7691 5589
144 8168 5875
120 5756 3053
134 7122 6029
113 5044 3617
147 8545 5787
149 8782 6182
138 7582 6161
113 5030 3835
123 6043 3837
103 4180 2837
141 7887 5294
125 6194 4143
145 8330 6893
125 6189 4059
136 7387 4618
150 8936 6265
105 4359 2665
131 6809 5188
111 4876 2730
124 6123 4497
129 6613 5058
106 4388 3329
118 5546 4319
127 6361 4900
107 4595 3910
117 5412 4374
122 5917 3612
140 7841 7054
136 7367 6227
140 7750 5577
115 5262 3778
104 4240 3049
119 5609 4590
116 5325 4286
136 7366 5584
137 7437 5649
150 8977 6754
111 4906 3899
101 4035 3109
126 6272 5081
127 6371 4350
138 7535 5781
130 6721 5016
104 4261 2815
110 4759 3274
130 6670 5266
119 5647 4056
130 6758 4739
107 4529 3199
129 6694 4167
109 4701 3611
142 7993 5167
143 8143 4264
102 4140 2943
134 7180 5054
120 5739 3878
147 8595 5512
142 8018 5764
128 6478 4826
120 5672 4198
135 7180 5389
116 5326 3704
135 7235 4452
131 6840 4768
103 4212 2567
134 7129 4700
141 7901 6192
144 8154 6478
127 6410 4673
138 7483 4727
101 4071 3061
135 7252 5183
105 4348 3540
123 6006 3824
120 5739 3919
105 4338 3191
132 6942 4609
114 5156 3348
130 6706 4781
111 4886 2959
145 8392 6432
117 5435 3540
106 4424 2169
106 4452 3075
144 8257 6212
146 8448 6744
121 5778 3519
122 5960 3959
130 6680 4569
133 7034 5588
119 5645 3618
143 8120 5776
133 7029 5350
118 5554 4084
133 7032 7577
134 7204 5790
143 8145 6472
109 4721 3727
133 7089 5900
123 6007 4170
129 6526 5187
143 8035 5724
141 7864 5925
129 6586 5007
124 6096 4282
148 8682 5690
116 5323 4253
131 6846 4719
102 4134 2819
135 7216 5509
103 4214 2576
115 5211 3310
141 7917 6415
126 6301 3936
140 7802 4350
102 4120 2666
121 5811 3813
108 4630 3095
114 5154 3895
140 7700 5862
107 4518 2683
108 4622 3107
119 5575 3515
102 4093 3188
132 6909 5013
113 5078 2827
138 7548 6586
120 5670 2862
119 5645 3716
121 5816 5003
126 6285 5178
111 4837 3523
149 8786 6697
137 7435 6187
131 6790 4740
113 5076 3957
124 6118 4265
136 7363 5449
140 7821 6266
138 7590 6163
148 8665 6574
135 7226 5004
112 4946 4078
130 6675 5317
107 4543 3559
116 5371 4697
115 5238 3917
114 5163 3836
117 5463 3458
135 7219 6285
148 8641 7559
114 5141 3708
113 5006 3219
110 4846 2910
110 4760 3554
109 4721 3654
150 8959 6557
132 6879 4927
119 5609 4957
123 6015 3848
105 4383 3693
102 4133 2864
128 6507 4990
115 5220 3685
145 8322 5947
130 6708 5576
127 6370 3937
145 8394 6577
116 5388 5074
110 4734 3221
147 8521 5929
116 5366 3476
113 5025 4050
125 6261 4481
113 5103 3407
111 4849 3662
108 4616 3218
121 5741 3982
122 5930 3587
103 4260 2496
142 8004 6344
138 7606 5985
144 8255 6257
149 8766 5617
149 8867 7468
119 5650 4688
149 8834 6280
101 4024 2562
133 7014 5825
116 5362 4916
144 8213 5782
111 4906 3995
127 6385 4706
124 6145 4385
126 6385 5035
118 5484 3957
109 4742 3330
146 8462 6127
103 4178 2939
148 8746 6040
133 7068 5026
105 4384 3294
101 4084 2766
147 8543 6036
129 6613 5034
106 4442 3118
104 4287 3229
150 8996 6972
126 6304 3769
102 4078 2881
135 7210 4957
139 7608 5492
134 7078 3819
137 7407 4377
144 8174 5744
120 5681 3675
140 7708 6609
142 8054 6130
148 8671 6401
122 5925 3947
108 4651 3311
122 5908 3972
114 5166 3059
144 8213 6695
119 5620 3291
146 8426 5708
142 7992 5773
131 6784 5687
136 7375 5623
110 4853 3561
114 5164 3568
117 5407 3901
117 5406 4150
123 5921 3735
124 6112 4326
134 7091 5326
134 7173 5180
117 5471 4099
150 8965 3808
147 8553 3835
127 6369 3135
122 5890 2822
149 8833 3595
105 4410 2561
115 5279 2715
