145 9401 6604
122 6660 3634
147 9651 7267
138 8523 5965
150 10071 7305
106 4974 2603
132 7811 4989
131 7671 4348
132 7792 5289
134 8009 6356
110 5421 2143
122 6632 4074
123 6818 3369
111 5564 1990
114 5762 3464
103 4708 2078
134 7979 4809
135 8134 4917
142 8995 5602
146 9504 5954
109 5313 2195
113 5704 2992
110 5384 2880
105 4908 2270
130 7561 4727
113 5684 2722
121 6576 3065
124 6907 3371
136 8283 5066
132 7750 4679
117 6096 3360
132 7795 4476
146 9522 6153
143 9148 5882
112 5632 2232
116 5988 3486
131 7652 4651
125 6948 3558
149 9928 6303
110 5374 2840
149 9946 5910
104 4814 2140
139 8643 5767
145 9384 5938
118 6190 3582
135 8151 5206
129 7459 3633
140 8748 6149
144 9266 7343
150 10111 6738
103 4727 2070
129 7382 4740
105 4892 2903
132 7769 5654
143 9127 6016
135 8166 5561
109 5312 1804
145 9405 6261
126 7084 4464
133 7873 5313
108 5160 2533
132 7812 5279
104 4792 2776
150 9959 6487
108 5229 2212
117 6119 2782
148 9807 6508
116 6019 3560
140 8744 6158
130 7572 4182
110 5425 3072
146 9517 5894
133 7917 5399
130 7540 5182
144 9242 6568
136 8232 4325
139 8643 5389
120 6413 3426
110 5427 2615
105 4924 2437
136 8277 6132
106 4985 2425
132 7710 3872
127 7215 3795
118 6210 3863
115 5871 3752
135 8083 4778
108 5225 2690
111 5504 3255
132 7786 5418
116 6007 3129
136 8221 5201
125 6993 4518
108 5243 3089
102 4629 1737
142 8985 8349
104 4836 2007
141 8910 5859
127 7155 5806
141 8923 6007
150 10069 6258
114 5845 2379
131 7642 4975
117 6124 3375
116 5984 4220
103 4693 2292
128 7304 4426
120 6420 3699
114 5824 2936
134 8020 5774
102 4642 1952
146 9565 6241
145 9405 6557
102 4660 1610
124 6819 4723
114 5801 4300
126 7110 3558
117 6155 3379
141 8880 6257
114 5728 3253
124 6836 4067
107 5100 2986
109 5268 3587
101 4540 2371
129 7430 4094
142 9038 6200
114 5779 2812
106 4983 2221
137 8363 5431
122 6618 3442
122 6633 3683
150 9999 6607
141 8951 5335
135 8131 4428
108 5224 2379
122 6655 3482
139 8600 4598
144 9239 6071
137 8384 5293
123 6749 3954
128 7273 5338
119 6333 3122
102 4651 2469
103 4708 2174
133 7938 5939
104 4812 2513
106 5024 2820
131 7651 4322
113 5667 2377
128 7305 3023
134 7984 4049
130 7550 3844
118 6225 3309
108 5209 2582
121 6548 3940
101 4583 1747
131 7658 4679
148 9733 5909
112 5586 2639
109 5279 2409
104 4765 2118
118 6204 3798
150 10101 6593
128 7278 3428
119 6352 3221
138 8540 4224
126 7106 3650
114 5763 3705
132 7714 4418
102 4648 1977
149 9937 6187
115 5903 3002
130 7632 3988
134 8024 4809
130 7518 4998
108 5204 2919
136 8289 4717
118 6213 3352
136 8266 5686
126 7122 3100
115 5928 3099
105 4924 2222
132 7788 4762
116 5996 3091
116 5983 2903
121 6514 3059
129 7415 5348
148 9771 6099
125 6951 4121
105 4927 2201
115 5911 3260
102 4645 1765
138 8500 5979
126 7109 3778
104 4794 1488
122 6656 3475
140 8686 5638
141 8904 5461
127 7226 4571
123 6718 3967
134 7976 4680
144 9239 6583
130 7542 4809
127 7215 4524
117 6050 3342
111 5478 2703
119 6308 2979
139 8594 5821
112 5587 3070
113 5679 2719
124 6870 3224
120 6466 3321
101 4576 1108
147 9596 5785
106 5044 2738
107 5108 2309
133 7870 5022
144 9288 5875
118 6226 3341
103 4729 2404
105 4874 2570
135 8145 5185
128 7277 4949
117 6109 3257
123 6765 3609
149 9933 7343
104 4845 2239
135 8111 5108
148 9794 5559
101 4542 1927
146 9529 6837
139 8631 6332
106 4997 2596
139 8641 5373
127 7233 3861
146 9515 6753
128 7318 4593
143 9108 5099
116 6010 3892
148 9760 6134
125 6974 4003
108 5192 2767
107 5101 2742
140 8797 5058
112 5601 2866
112 5605 2171
136 8274 5016
119 6318 3107
112 5595 2535
102 4655 1887
137 8377 4229
116 6006 2958
109 5284 3011
129 7444 3821
141 8871 5387
131 7648 5168
111 5502 2361
117 6159 2926
117 6100 3961
138 8447 4268
121 6528 3391
140 8741 6076
131 7732 4277
110 5386 2879
129 7427 5296
105 4886 2473
131 7634 4279
118 6174 3111
130 7582 3725
125 6928 3964
115 5912 2380
111 5503 2620
149 9953 4920
147 9642 6005
123 6785 3248
120 6411 3892
125 6990 4009
102 4619 2218
148 9790 5192
125 7045 4428
101 4558 2366
124 6951 3196
142 8992 5372
121 6532 3741
137 8399 4901
119 6320 3026
122 6652 3315
137 8435 5881
103 4750 2718
120 6402 3228
133 7879 5076
143 9129 6013
145 9384 6451
121 6510 3796
137 8434 4690
137 8420 5085
148 9765 6348
143 9141 6448
111 5518 3026
101 4535 1703
138 8571 4862
111 5496 3028
145 9380 5299
119 6323 2955
150 10033 6263
134 8006 4697
105 4907 2164
137 8407 4724
123 6727 4171
114 5821 2941
126 7059 4321
104 4815 2166
120 6420 3544
114 5828 3225
150 10039 6048
146 9553 6150
109 5286 2993
110 5432 2348
149 9948 6684
125 6983 4591
117 6127 1917
129 7448 3940
150 10040 6114
102 4645 2021
103 4723 1637
143 9126 5770
131 7680 4286
125 6965 3660
120 6419 3441
140 8715 6703
138 8534 5563
119 6335 3095
140 8750 4866
140 8671 5324
106 5002 2159
121 6526 4189
113 5670 2842
138 8558 4865
143 9183 6394
122 6662 3370
120 6444 3532
110 5408 2481
122 6644 3570
107 5100 3163
142 9032 5809
137 8393 5665
141 8940 5829
123 6822 4132
149 9913 6676
127 7183 4387
128 7325 3571
129 7398 5093
117 6126 3115
101 4578 1881
110 5406 2438
142 9037 6118
124 6884 4520
121 6492 3742
108 5169 2426
133 7868 4566
112 5552 3617
106 5005 2317
119 6344 2867
101 4559 2040
118 6186 3256
127 7217 3249
148 9777 6103
133 7912 4192
131 7651 4936
123 6730 3723
140 8736 4667
147 9655 7164
138 8496 4203
121 6523 4401
112 5598 2798
109 5294 2698
142 8990 6145
130 7521 3597
143 9110 6315
113 5694 2571
126 7136 2713
144 9211 6456
134 8050 3555
135 8158 4333
124 6882 3681
122 6633 4915
114 5779 3488
136 8265 4966
101 4532 1947
123 6769 3850
101 4575 2268
133 7919 4797
149 9993 6127
111 5526 2102
144 9274 6685
125 6938 4544
106 5014 2452
147 9632 6539
139 8616 6450
145 9371 6188
111 5484 3371
137 8411 5285
126 7054 4464
124 6825 4384
107 5099 2845
120 6424 4321
109 5279 3253
124 6823 3976
119 6339 3056
105 4912 1488
110 5428 2109
104 4866 1386
140 8761 6147
148 9747 6314
112 5575 2653
138 8538 5940
142 9089 6748
103 4723 2300
141 8854 6085
139 8623 5651
112 5576 3447
146 9537 6244
147 9683 6868
128 7306 4984
133 7879 5394
127 7196 4187
144 9214 6546
147 9613 6617
127 7223 3072
128 7341 3411
120 6461 2931
139 8619 5363
133 7925 3918
109 5295 2769
107 5115 2269
102 4628 1773
113 5747 2858
107 5087 2367
145 9388 6470
127 7251 3143
134 7974 4711
126 7079 3516
149 9915 6205
144 9295 7262
124 6856 3561
148 9797 6686
107 5088 2468
115 5899 2979
141 8908 6507
149 9890 8099
107 5103 2474
146 9459 7195
141 8895 5599
103 4764 1845
138 8533 4648
129 7401 4237
129 7428 4961
113 5726 2813
121 6522 3646
128 7347 4769
135 8197 5447
115 5879 3235
143 9157 6018
115 5913 2436
116 6018 2400
108 5178 2239
134 7986 4806
105 4920 2515
113 5728 2380
139 8662 5294
136 8260 5409
142 9020 6014
145 9387 6482
126 7073 3788
109 5290 2972
143 9160 6250
147 9680 5807
146 9554 5721
116 5962 3574
103 4744 2253
107 5090 2708
118 6195 2929
104 4833 2260
130 7551 3851
136 8247 4103
144 9184 5815
115 5918 3188
147 9633 5688
118 6220 3837
111 5500 3110
145 9363 5400
113 5670 2975
115 5906 2639
123 6765 3615
150 10049 4598
135 8147 4139
142 8980 4200
119 6351 2625
106 5016 1788
147 9708 2274
