138 6634 5935
107 3975 2708
130 5869 3830
108 4040 2767
143 7129 6004
148 7581 6511
120 4953 3294
129 5743 4406
104 3740 2086
149 7797 6284
125 5336 4090
136 6397 4691
140 6842 4675
135 6331 5045
103 3621 2582
150 7786 6201
134 6129 5902
142 7028 5466
103 3627 2502
118 4842 2826
128 5780 4123
118 4809 2804
102 3613 2059
104 3741 2480
106 3877 2408
139 6597 5084
142 6954 5328
120 5006 3552
113 4397 2983
127 5676 3745
126 5502 4246
112 4305 3333
124 5412 3379
136 6450 4465
114 4550 2935
130 5811 4538
117 4691 3193
108 4073 2705
137 6479 5049
120 4975 3903
128 5677 3658
112 4421 2689
149 7729 6291
123 5231 3764
103 3652 2209
141 6929 6016
128 5690 3154
138 6619 5167
109 4118 2658
130 5900 4488
108 4052 2626
144 7194 6479
148 7657 5371
147 7441 6642
133 6142 4731
127 5579 4464
114 4508 3021
121 5047 3602
104 3787 2698
144 7183 5445
110 4199 2624
129 5723 4310
134 6219 5513
128 5751 4681
126 5539 4012
113 4469 3392
113 4437 3116
146 7429 6364
117 4749 3647
150 7905 7575
137 6493 6523
127 5577 4625
131 5982 4205
132 6098 3947
140 6749 4988
130 5864 3523
101 3553 2418
112 4326 3337
117 4833 3380
110 4243 3004
121 5066 3856
132 6135 4246
124 5347 2952
124 5353 3965
106 3913 1539
140 6814 4720
133 6146 4443
116 4696 2990
104 3748 2508
117 4758 3233
140 6871 4799
123 5275 3555
128 5716 3512
111 4249 2999
101 3631 2253
108 4009 2478
143 7122 5632
120 4982 2833
119 4887 3587
121 5049 3627
148 7765 5638
133 6124 5409
119 4902 3614
143 7059 5588
108 4066 2947
113 4408 3618
107 4001 2832
104 3655 2664
117 4782 3601
115 4569 3060
109 4122 3139
127 5497 3207
124 5379 3989
121 5038 3274
113 4422 3141
123 5246 3780
111 4290 2800
102 3531 2225
118 4867 3180
127 5676 3741
133 6053 4636
109 4096 2847
119 4926 3709
123 5228 3575
119 4925 3257
105 3757 1993
118 4880 3032
105 3854 2552
110 4203 2552
117 4800 2524
125 5435 3636
111 4275 2656
121 5113 3808
146 7353 5425
120 4997 3302
113 4461 2944
104 3816 2276
139 6704 4266
140 6814 4615
117 4760 3362
122 5087 3382
138 6640 4611
116 4665 3127
140 6865 6428
149 7672 5457
150 7824 5474
139 6662 5600
118 4835 3629
126 5541 3289
149 7614 7767
106 3918 2857
145 7246 6116
112 4268 3283
138 6679 6265
150 7848 7943
142 7031 7317
110 4212 2905
103 3679 1632
140 6859 5160
104 3743 2332
145 7309 6548
114 4501 3507
148 7655 7139
105 3823 2786
150 7815 7203
109 4202 3138
150 7836 6441
150 7786 6708
107 3938 3115
105 3818 2636
128 5680 4867
134 6271 4499
150 7822 6940
115 4561 4015
116 4671 3354
104 3712 2845
129 5794 4323
117 4804 3261
137 6485 5742
144 7249 3733
130 5874 4450
145 7439 5753
115 4524 2789
130 5826 4364
136 6435 6077
125 5429 4012
137 6496 5428
147 7600 6009
121 5105 3458
147 7529 6793
138 6651 5865
114 4592 2656
132 6040 5785
133 6064 4610
112 4380 3069
129 5774 4049
110 4157 2802
117 4725 3377
107 3938 2704
116 4718 3207
106 3917 2535
105 3860 2156
142 7005 6843
146 7497 7303
105 3752 2483
132 6076 5996
147 7525 7225
150 7789 5782
114 4481 3971
111 4288 2790
146 7434 6097
144 7245 6544
148 7579 7281
147 7506 7026
135 6348 5067
101 3546 2741
147 7491 5761
101 3534 2507
126 5554 3564
114 4515 2927
121 5004 3562
102 3686 2106
126 5561 3998
126 5575 3583
122 5170 2739
108 4041 2763
106 3899 2428
136 6425 5540
129 5834 4484
110 4192 2876
139 6759 4917
143 7127 6903
128 5562 4280
115 4579 3067
127 5579 4867
115 4623 3163
135 6306 6092
136 6436 4523
131 5955 4442
106 3927 2813
146 7394 6997
139 6761 5916
110 4207 2899
131 6032 4340
149 7788 5782
132 6012 4306
119 4910 3371
120 5017 3481
112 4415 3145
143 7089 6384
147 7502 5829
146 7399 5900
105 3840 2865
139 6738 5983
120 5019 3290
148 7665 6895
125 5435 3920
108 4074 3262
148 7653 6505
105 3831 2826
140 6821 5507
113 4416 3678
139 6688 4524
146 7381 6070
126 5537 4160
136 6493 4913
136 6445 4531
105 3795 2891
120 4986 3187
129 5778 4189
144 7233 5345
122 5228 3758
118 4835 2844
131 5948 4013
125 5450 3446
141 6885 6816
132 6046 3832
135 6333 4023
132 6036 3952
123 5247 4035
114 4527 2796
141 7014 6061
130 5836 4768
101 3530 2584
134 6248 4850
145 7372 5768
125 5417 3827
141 6945 5618
103 3705 2645
112 4334 3126
115 4639 3048
125 5479 3703
109 4148 3050
135 6333 4545
146 7414 5597
129 5752 4123
111 4257 2904
140 6836 5609
142 7059 6103
142 7121 5030
116 4731 3294
103 3720 2908
115 4545 3026
132 6029 4315
140 6800 5242
125 5376 4197
135 6369 4763
109 4097 2887
145 7207 5541
113 4402 3168
141 6941 6959
134 6273 4974
119 4910 4120
137 6498 4788
123 5292 4026
108 4088 3616
112 4345 2669
136 6512 5577
101 3510 2380
124 5386 3401
111 4324 3097
135 6368 4937
122 5202 3692
123 5230 2933
141 6893 4902
149 7816 6958
108 4059 2868
141 6868 5664
110 4190 2941
129 5729 4163
101 3483 2160
130 5813 4530
129 5773 3949
144 7213 5244
114 4526 3639
137 6501 5722
144 7228 6213
131 5979 4245
135 6303 4741
145 7288 6122
123 5236 4681
132 6039 5246
111 4230 2886
115 4607 3571
120 4950 3929
118 4848 3496
109 4067 3068
107 3940 2608
123 5263 3463
111 4310 2665
111 4199 2528
142 7021 4957
143 7077 5445
136 6493 5174
110 4218 2065
107 4006 2641
144 7208 6270
128 5724 3670
134 6216 5184
103 3661 2343
122 5150 3766
101 3544 2411
138 6667 6293
130 5899 4692
133 6175 4972
134 6204 4574
106 3856 2897
133 6076 4732
131 5963 3957
102 3637 2728
102 3638 2289
122 5216 3526
131 5879 4229
149 7780 5768
102 3568 1899
138 6670 4358
141 6914 5669
113 4522 2595
148 7742 7086
139 6589 5113
137 6564 5876
139 6755 5207
107 3984 2438
121 5082 3632
104 3746 2194
138 6606 5460
147 7466 5472
118 4800 3312
127 5614 4125
137 6546 4922
147 7469 6127
149 7699 6141
134 6238 5838
119 4924 3196
148 7595 6709
138 6617 4986
102 3577 2513
123 5239 4073
115 4584 3461
107 3954 2785
146 7404 6386
133 6232 4580
101 3585 2766
133 6162 4637
112 4364 2477
105 3832 2625
115 4626 3353
143 7062 5532
128 5650 3707
147 7578 6560
145 7284 5558
145 7274 5313
109 4131 2852
141 6870 4871
104 3691 2254
119 4886 3845
111 4262 3231
143 7127 5913
133 6142 4447
143 7100 5120
108 4055 2855
127 5568 3666
116 4696 3230
127 5625 4065
102 3598 2673
110 4140 3137
120 5025 3190
143 7171 5689
127 5600 4084
130 5862 4710
145 7278 5705
137 6523 4391
106 3921 2263
122 5172 3978
138 6620 5862
131 5888 4871
132 6073 4671
124 5323 4335
148 7566 6082
116 4691 3496
131 5970 4430
131 5974 4733
118 4853 3716
114 4482 2395
103 3649 2737
117 4726 3800
142 6987 5837
114 4555 2813
119 4893 3128
135 6352 5181
128 5651 4842
118 4800 3673
125 5453 3952
134 6279 4330
124 5300 4153
149 7724 6328
150 7763 6472
124 5339 3380
136 6390 4779
107 3984 2838
142 7027 6330
106 3906 2227
109 4084 2807
126 5537 4056
109 4067 3509
122 5203 3583
113 4411 3233
103 3689 2836
141 6844 5226
102 3570 2670
102 3604 2217
149 7769 7318
144 7226 5762
146 7439 6821
129 5758 5068
144 7146 7283
116 4656 3025
134 6207 4209
125 5439 4961
139 6757 6145
119 4940 3793
121 5043 4769
116 4688 3701
101 3517 2708
124 5331 3639
137 6475 4530
122 5086 3429
126 5516 4685
112 4398 2660
122 5144 3990
145 7266 5272
142 7055 5098
107 3928 2473
126 5560 4231
121 5080 3274
135 6278 4166
116 4693 3289
103 3696 2565
106 3920 2545
124 5337 1794
