137 4612 10535
110 3014 3816
120 3602 5663
147 5390 15357
103 2562 3649
118 3471 5602
143 5030 13021
145 5202 10050
144 5228 11616
114 3254 6781
143 5147 11727
145 5239 12805
143 5082 13359
104 2707 3940
135 4564 8882
125 3877 6915
115 3281 5508
128 4098 7960
137 4675 7666
126 3946 6321
140 4885 10268
135 4575 12320
130 4196 7209
137 4662 9830
127 3953 7763
103 2627 3530
108 2867 3732
147 5431 11245
111 3016 4492
112 3076 4982
113 3165 5236
143 5071 13994
120 3580 6635
144 5192 13760
126 3937 9128
114 3261 4876
138 4749 11192
137 4608 10729
142 4913 11639
149 5598 10928
130 4244 8342
113 3135 6168
112 3137 5998
102 2619 3864
122 3750 5890
102 2575 4552
107 2876 4412
118 3510 6206
101 2550 2473
147 5388 13578
111 3075 5176
138 4738 11163
107 2892 4293
103 2613 4179
140 4820 17950
104 2687 3816
119 3513 7739
131 4187 11106
150 5582 15160
148 5402 14012
122 3753 8748
130 4150 9388
116 3412 5827
147 5483 14629
133 4368 9608
103 2628 4480
143 5055 12766
125 3828 6924
115 3291 6356
127 3891 9146
114 3194 5110
126 3973 10520
115 3258 6164
105 2725 3822
132 4229 14330
144 5100 13720
123 3757 10230
106 2814 4383
146 5260 14551
139 4781 13253
136 4519 11864
132 4293 14560
141 4892 13941
112 3147 6948
106 2783 6984
130 4155 13080
140 4818 11233
146 5340 15217
143 4968 13653
116 3291 5451
131 4302 9354
148 5448 17133
139 4819 12222
147 5358 14558
133 4408 10641
121 3624 8340
113 3165 7526
108 2972 5392
101 2545 4807
141 4897 13638
136 4558 13310
130 4200 10534
149 5473 17129
107 2870 7233
109 2955 5781
115 3325 7496
127 3958 11405
133 4340 10939
131 4300 10828
104 2698 4350
124 3847 11450
144 5160 16461
149 5479 19066
102 2567 4804
130 4172 10805
147 5459 21492
127 4029 10665
102 2569 5275
124 3817 9823
123 3799 9261
126 3931 12053
111 2940 6665
133 4379 11308
116 3390 6873
116 3366 9064
129 4076 10741
105 2717 4228
131 4187 12759
122 3671 8730
123 3778 7769
118 3461 7270
142 4998 13845
144 5186 14988
107 2826 5491
140 4844 14701
136 4551 13855
105 2729 4711
143 5060 17097
141 4833 12970
108 2883 5923
118 3391 9002
120 3561 7943
121 3588 10394
135 4524 14638
139 4733 13257
135 4413 11338
119 3568 8126
104 2582 4747
134 4517 11125
141 4885 14985
105 2760 4281
110 2939 6717
144 5122 18894
126 3953 12635
150 5555 19074
121 3598 10680
109 2936 5391
139 4785 14416
121 3628 8256
148 5439 18363
115 3253 7844
131 4141 12167
109 2970 7033
142 5047 14669
108 2866 6774
147 5357 18080
105 2669 4213
113 3141 5489
129 4110 8557
141 4994 13953
124 3882 8379
116 3323 7276
142 4993 13847
136 4604 12660
140 4831 16654
109 2955 6309
113 3176 5589
125 3875 8495
148 5341 17402
103 2607 5309
116 3313 6550
106 2764 5736
149 5512 19434
150 5564 16181
126 3949 11528
121 3609 7473
140 4858 11728
132 4305 11913
118 3446 7216
108 2954 7640
119 3543 8559
119 3514 6658
148 5388 18535
105 2666 5377
138 4745 14812
121 3720 7203
114 3187 6726
116 3311 6629
107 2827 4582
105 2730 5435
128 4008 9836
125 3894 8647
128 4053 10208
135 4599 13922
114 3270 7789
116 3415 6818
142 4972 13389
138 4800 12569
144 5157 17376
117 3396 7977
124 3828 11228
149 5505 16929
117 3379 8826
139 4819 11954
125 3920 11594
132 4362 11698
102 2598 4272
149 5567 16304
116 3287 6980
145 5250 15343
127 3949 9273
110 2963 6052
148 5357 17978
131 4230 14114
128 4132 11102
122 3679 9334
147 5334 15878
124 3772 9190
124 3809 10303
106 2784 4685
132 4326 13042
145 5110 15720
135 4473 10556
117 3385 8404
122 3751 8018
145 5242 15678
148 5486 17318
135 4591 13478
111 2949 5858
137 4693 15082
122 3644 10272
124 3761 9000
143 5076 14638
101 2489 3895
127 3994 8234
143 5118 13682
119 3475 8360
121 3629 9220
126 3975 9722
107 2776 5647
119 3535 7798
131 4172 13759
122 3658 9408
105 2668 5125
132 4330 11966
122 3694 8787
101 2509 4945
112 3113 6777
132 4424 8670
124 3838 8282
117 3351 7221
113 3204 5822
101 2531 3680
126 3913 12728
125 3896 10573
145 5223 18809
145 5192 14828
111 3061 6232
110 3025 2626
122 3705 7901
106 2788 4353
110 2944 7241
123 3737 9263
109 2885 6901
109 2969 7140
134 4490 9321
118 3503 7115
116 3365 6711
110 3031 5314
110 3003 6082
106 2767 4741
128 4034 9311
107 2812 2848
150 5554 16703
106 2733 4243
134 4415 10382
117 3388 5921
108 2862 5609
139 4761 12700
126 3982 11368
146 5350 15550
123 3802 8741
128 3992 11681
150 5570 19352
113 3171 7877
145 5247 13691
117 3397 7336
114 3273 7095
123 3739 9162
136 4568 13227
129 4158 11007
121 3660 7599
150 5598 15946
140 4893 16049
117 3365 7206
120 3525 7854
108 2873 5615
103 2664 4753
133 4430 11974
141 4860 16075
146 5284 21072
134 4481 12668
115 3277 8534
139 4798 12011
101 2499 3278
146 5354 20227
111 3013 7391
130 4176 8966
103 2642 4927
125 3888 9720
127 3933 9421
124 3872 9913
138 4733 15124
132 4256 10974
105 2680 5065
134 4459 13430
146 5254 18066
101 2506 4187
133 4391 12188
148 5476 13592
137 4678 11226
103 2677 4265
111 2987 6703
123 3777 8284
132 4323 12210
109 2954 4613
147 5421 16189
119 3525 8221
149 5482 16837
139 4773 13834
134 4469 13941
128 4032 9387
110 2964 5920
136 4579 13142
142 4966 14592
113 3198 6015
103 2611 4764
106 2866 5019
142 4970 15820
103 2614 3948
108 2923 4859
115 3257 6608
112 3070 4746
135 4515 10308
110 3020 6575
111 3044 7204
136 4584 16163
120 3552 9127
109 2935 5012
144 5094 13550
121 3656 8365
122 3638 8995
120 3593 8764
127 4003 8805
118 3424 8718
113 3190 7815
145 5159 20598
117 3329 9774
120 3593 8838
136 4526 13231
135 4577 14545
108 2874 5685
106 2796 5142
146 5280 16926
137 4679 14029
112 3040 6144
146 5258 15830
133 4376 11993
138 4826 14551
138 4643 12487
120 3532 9290
144 5166 13481
131 4212 10658
104 2748 5904
138 4793 12489
102 2543 4080
141 4857 13578
137 4621 12453
150 5619 19210
101 2531 3650
104 2692 3919
140 4904 13625
150 5490 18570
121 3616 7990
104 2653 3748
129 4164 10338
128 4103 10687
134 4441 12377
146 5310 16917
134 4419 13054
128 4074 14565
129 4199 8773
131 4317 10875
138 4665 11497
137 4761 12503
132 4287 12422
115 3309 6877
150 5575 16539
112 3147 4731
125 3876 9607
101 2478 3342
133 4349 10493
147 5373 16250
112 3164 5884
135 4527 10835
125 3842 7940
142 5045 13240
141 4990 15097
125 3839 8812
148 5406 21746
142 4979 17831
119 3473 8500
150 5574 18401
129 4207 10968
129 4049 9214
146 5090 15893
114 3142 6639
119 3567 8114
111 3071 5692
134 4437 14768
114 3198 6396
130 4156 12007
114 3251 7761
130 4119 11473
102 2621 4299
133 4405 13655
141 4938 15809
120 3528 8076
120 3510 10191
104 2697 5322
123 3795 7598
137 4670 9837
149 5521 17586
130 4159 10461
104 2609 4649
119 3574 7522
124 3802 10387
129 4054 12962
142 5078 16720
114 3201 8180
118 3551 8094
143 5043 14288
111 3041 6781
128 4060 9963
117 3397 8279
145 5174 16131
144 5156 15081
102 2632 4327
149 5582 17432
118 3452 7232
102 2527 4466
107 2870 5284
140 4910 14183
129 4060 11088
134 4569 11170
113 3208 11016
110 2908 7746
141 4868 14007
107 2786 5826
131 4313 12787
123 3749 8126
139 4759 16614
107 2805 6305
104 2655 4507
118 3421 7988
115 3279 6526
106 2799 4530
112 3094 5348
136 4597 12778
105 2784 4853
123 3821 9228
133 4461 14212
148 5426 18352
126 3938 7721
136 4472 15298
149 5508 17694
139 4789 15975
129 4149 10415
112 3087 6802
101 2519 4807
102 2611 5387
127 3864 11620
140 4873 11558
138 4688 10600
109 2971 5925
127 4020 8031
108 2873 5612
109 2943 5427
115 3307 5767
117 3442 5551
