110 3606 2959
149 6664 12364
102 3020 2284
143 6176 9969
133 5257 8546
120 4321 4236
146 6345 12570
148 6533 14064
130 5135 5670
147 6409 13108
142 5951 10210
134 5360 9376
114 3839 3722
130 5107 8129
142 6030 10850
132 5162 9818
139 5756 9383
122 4419 6231
149 6526 12148
144 6249 11905
105 3301 3299
141 5964 9000
135 5481 8837
127 4858 6153
134 5384 7618
117 4067 4472
136 5503 10078
148 6561 10964
145 6407 12619
138 5651 12476
150 6690 17921
131 5038 7949
106 3332 3322
102 3065 3146
104 3169 3025
125 4693 5911
123 4505 5454
104 3233 2742
145 6304 8998
134 5295 6035
117 4129 5100
118 4115 4499
146 6352 10261
109 3567 3202
116 3975 4644
150 6659 10952
121 4403 5662
122 4379 5716
109 3567 4839
113 3716 3933
147 6450 9931
120 4255 5167
136 5552 8981
112 3724 3948
133 5326 8042
116 3952 5425
125 4676 6145
101 2984 2816
101 2993 3739
118 4134 4378
131 5117 7270
145 6238 13584
116 3975 5448
114 3849 3518
149 6535 12058
128 4931 7581
129 4934 8324
132 5185 8575
112 3768 3664
133 5308 9332
114 3794 6387
123 4519 5944
113 3855 5275
122 4459 7867
150 6710 14911
149 6687 13053
130 5005 5391
135 5409 7801
124 4497 6759
140 5906 9630
111 3650 4086
124 4509 7523
119 4239 4286
124 4608 5850
118 4079 4681
105 3334 3226
103 3117 3213
108 3457 3089
132 5233 8759
125 4682 7590
126 4734 5916
101 2993 2211
127 4811 4123
121 4342 4660
146 6366 12738
118 4201 3855
115 3904 3501
130 5033 7823
141 5931 10181
114 3855 4765
102 3112 2670
145 6320 12295
108 3439 4431
134 5317 9989
124 4643 5901
150 6634 13893
129 4938 8386
143 6047 10655
122 4447 5869
133 5250 8884
135 5515 9694
149 6575 16772
108 3439 5023
122 4375 6133
122 4443 4223
101 3054 2325
129 4966 6509
120 4379 4571
115 3905 4387
138 5655 9060
101 3048 2716
107 3409 2299
116 4004 3589
124 4649 5249
107 3389 2836
121 4347 4071
137 5556 9802
108 3516 3621
112 3690 4513
145 6146 16623
109 3557 4541
123 4477 6261
112 3735 5029
142 5926 10894
139 5812 9122
139 5728 10330
103 3187 2952
106 3397 3886
105 3324 4113
117 4035 4478
118 4069 5262
134 5328 8676
133 5272 7891
140 5788 10050
119 4273 5767
127 4783 7276
117 4068 5118
136 5507 9576
131 5109 7995
109 3522 3630
111 3662 3543
109 3594 3423
128 4864 7185
117 4088 4428
133 5217 10621
115 3885 4201
143 6103 12664
118 4131 6465
110 3577 3767
136 5517 8366
139 5723 10750
105 3324 3344
124 4626 6078
144 6255 11258
147 6495 14873
138 5698 10519
121 4409 3645
109 3515 3995
128 4898 8472
102 3059 3224
115 3875 5643
126 4752 6659
101 2971 2956
145 6184 9059
128 4979 6232
134 5245 9146
138 5654 10979
115 3937 3805
110 3605 2719
147 6458 10835
124 4508 5868
119 4174 6700
144 6133 10434
135 5355 7541
112 3660 4674
120 4205 5922
135 5458 9181
108 3464 3292
139 5736 11861
136 5552 8503
104 3198 3479
132 5240 7207
116 3986 4598
131 5094 7685
108 3436 3645
119 4250 5404
131 5163 7441
132 5143 7453
141 5871 16116
107 3383 4685
140 5876 12029
144 6104 13739
131 5045 9149
107 3369 3206
110 3564 3612
125 4624 6364
146 6310 11319
130 5061 7390
135 5443 9526
147 6445 13196
105 3279 4966
140 5814 11319
130 5133 6440
139 5791 9853
125 4694 7380
127 4738 7979
143 6129 10871
107 3394 3466
148 6635 12287
129 4902 6981
129 4901 7869
150 6796 14024
111 3608 3609
104 3249 3144
132 5246 8437
108 3497 4184
129 5030 7942
142 5936 12739
129 4879 8979
143 6107 8694
149 6647 14548
104 3258 3465
113 3762 4081
125 4678 6714
137 5501 11181
121 4379 5358
117 4078 4827
148 6525 11437
142 6022 8547
118 4160 5821
137 5640 7983
132 5169 8466
106 3314 2744
129 4920 8210
111 3699 4125
145 6150 15238
105 3283 4329
125 4614 7391
143 6065 11743
112 3820 3745
150 6692 11734
113 3781 4169
133 5261 9367
143 6111 12068
135 5338 9128
103 3232 2766
104 3238 3792
149 6584 11969
144 6114 14063
117 4045 4611
121 4352 5764
111 3653 3671
149 6587 13952
135 5433 8962
147 6466 8330
116 4026 4057
101 3069 2475
134 5321 10076
111 3660 3898
146 6380 10573
139 5822 8996
105 3274 3499
114 3860 4047
112 3780 2465
115 3897 4804
136 5552 8793
116 4011 4970
135 5410 9791
130 5037 7176
110 3603 3740
135 5355 9812
137 5554 10612
113 3800 3872
105 3210 3180
124 4607 5178
113 3829 5141
126 4693 7004
111 3617 4058
145 6148 12896
123 4502 5745
118 4160 4604
138 5666 9385
140 5908 10164
113 3781 3685
150 6681 13719
109 3532 4490
120 4284 5524
105 3291 3400
122 4438 5553
122 4366 5782
122 4410 5415
132 5277 7444
141 5923 9356
147 6453 10552
111 3661 4994
127 4835 7486
110 3609 4213
126 4669 7319
112 3707 4586
147 6466 10745
107 3385 3089
137 5585 8359
150 6739 11381
101 3086 3288
114 3824 4693
104 3210 2716
121 4389 5442
106 3304 3203
124 4549 5112
110 3626 4873
142 5996 10178
136 5539 9825
143 6097 10907
101 3040 2721
121 4334 5983
106 3362 3243
119 4256 4837
128 4887 6861
112 3743 2824
102 3083 2465
125 4703 6649
149 6521 14791
102 3059 2931
144 6107 10634
119 4210 5461
102 3058 2534
136 5546 9560
139 5702 11848
130 5090 5484
119 4199 6754
137 5654 9182
103 3162 2407
137 5528 9295
134 5298 8457
106 3334 3426
146 6401 12898
115 3959 5162
121 4428 4921
114 3862 5984
110 3604 3805
129 4979 5950
148 6491 11213
141 5970 9231
123 4520 5786
115 3910 4481
117 4083 4277
122 4433 6418
114 3862 5201
143 6074 12581
141 5935 9505
141 5958 11407
130 5030 7336
131 5109 7894
137 5564 11014
125 4702 6362
113 3777 5442
136 5486 7939
146 6241 14814
104 3266 2808
123 4480 5884
138 5624 9428
127 4779 4977
144 6106 14352
106 3365 2479
110 3591 4246
134 5328 8893
146 6378 11670
128 4845 8124
144 6186 10014
142 6018 9550
113 3816 7075
129 4967 8374
140 5801 9420
127 4818 7308
107 3392 3633
103 3198 4082
141 5912 10573
132 5205 7540
106 3330 3196
125 4647 6488
127 4838 5635
137 5591 8639
140 5782 9938
138 5682 10868
119 4153 5279
109 3546 6317
102 3138 3114
146 6417 11348
148 6537 15007
118 4160 5164
106 3353 3577
107 3392 2765
112 3653 4438
133 5203 8103
115 3945 5058
126 4812 5673
108 3454 4275
118 4171 4392
140 5877 9454
121 4343 5196
141 5864 11351
148 6504 9210
148 6500 13650
108 3477 3314
117 4066 6278
126 4800 5777
103 3124 2707
147 6465 9746
134 5407 8349
111 3617 4099
120 4247 6924
148 6535 11536
123 4521 5813
142 6069 9124
105 3293 3367
126 4751 8056
108 3524 3685
106 3338 3012
130 5064 6623
139 5772 9845
123 4482 6379
120 4275 5786
131 5096 7537
120 4311 4121
117 4012 5647
145 6292 10977
128 4859 7644
124 4511 7287
150 6718 11061
128 4930 6465
141 5841 9999
147 6399 8969
116 4071 4157
131 5129 7510
107 3377 4124
133 5226 7960
138 5618 9079
119 4208 5437
102 3033 3179
148 6499 14126
142 6069 10659
103 3161 3080
113 3826 3893
149 6681 12595
111 3703 4601
128 4872 6885
101 2948 2504
128 4891 7100
103 3133 2510
126 4720 6439
144 6185 13991
114 3905 3539
116 4090 3688
132 5179 9231
126 4818 6611
115 3949 4170
123 4493 6546
137 5632 9254
140 5785 10287
103 3152 2804
138 5673 10231
109 3490 2948
131 5108 10536
144 6140 11779
120 4243 5630
126 4734 7039
110 3582 3370
136 5534 6654
114 3907 5126
103 3200 3260
120 4279 5152
104 3200 2638
116 3970 3565
107 3420 2808
142 6011 5263
109 3508 3025
138 5607 7752
133 5234 7396
127 4821 5688
104 3236 2297
127 4814 6211
123 4490 5181
102 3099 2228
145 6260 8947
119 4193 4710
139 5824 7725
150 6762 7911
146 6353 7667
140 5768 6583
143 5999 6299
