58 796 3206
59 867 2944
60 908 2445
53 693 1518
61 919 3400
62 950 3138
63 982 3672
67 1108 5254
62 918 3970
69 1194 6398
58 846 2236
64 1004 4281
57 784 2485
61 912 3135
67 1064 6632
67 1134 4766
70 1205 6971
62 956 3503
59 850 3507
60 908 2663
60 865 3106
51 625 1522
64 1021 4527
59 828 3275
62 939 3838
65 1031 4795
64 991 4107
54 709 1352
70 1194 6857
58 805 2563
63 955 3799
64 1024 3640
60 916 2677
60 865 3501
70 1216 7023
55 751 1598
54 710 2271
70 1200 8020
70 1180 7815
57 781 2450
58 824 2803
51 614 1374
55 740 1961
61 888 4166
51 659 1024
65 1023 5270
64 1063 3231
66 1050 5105
65 1035 5082
64 1002 4627
53 694 1557
52 679 1220
65 1068 3938
69 1197 5902
59 869 2206
58 839 2132
58 827 2120
57 846 1945
52 692 1017
68 1138 5286
56 770 1787
54 712 1706
63 999 4036
60 905 2679
67 1131 5032
70 1197 7518
65 1033 4309
54 736 1515
69 1166 6787
59 870 2403
64 1013 3819
52 659 1355
66 1042 6682
62 909 4208
53 677 1773
61 914 3470
56 781 1816
63 1006 3543
69 1176 6298
55 725 3038
63 976 3977
55 693 2990
61 900 3376
53 699 1514
57 817 1972
68 1152 5194
62 960 3658
59 881 2407
65 1059 3713
63 958 4106
59 831 2952
55 748 1724
60 900 3107
54 714 1926
60 890 3095
54 710 1904
67 1086 5855
67 1084 5598
64 982 5128
57 796 2298
56 762 2425
69 1211 5029
69 1128 7315
66 1069 4419
62 904 4509
61 913 4178
62 920 4357
66 1053 5662
63 983 3170
66 1114 3581
51 657 1032
66 1080 4940
69 1157 5871
63 984 3654
55 766 1631
66 1031 6998
57 803 2705
65 1000 5799
52 669 1607
66 1072 5142
52 642 1993
56 782 2047
63 967 3848
60 921 2487
68 1113 6955
67 1126 6037
57 817 1938
51 662 1032
61 913 3376
54 749 1971
64 1020 3844
56 774 2077
57 784 2487
68 1177 5060
54 727 1918
52 648 1415
70 1182 8030
51 634 1332
67 1135 4234
55 734 1933
59 872 2185
64 983 5018
69 1168 5753
68 1120 5704
62 923 4145
60 876 2943
63 986 3736
52 664 1495
52 666 1579
56 783 1866
57 811 1978
59 830 2627
58 860 2079
67 1131 5643
69 1135 7622
58 807 2988
53 715 1327
70 1183 9043
68 1083 7178
70 1208 5457
53 684 1539
53 692 1421
70 1232 6689
51 656 1237
62 942 3590
61 928 3099
65 1047 4117
61 948 2561
52 650 1840
61 925 2709
58 844 2081
57 798 2476
53 669 1510
53 687 1645
53 682 1428
56 779 1992
51 641 1318
66 1080 5179
52 629 1744
56 756 1977
68 1095 6407
65 1028 4575
51 628 1157
58 819 2534
68 1139 5820
56 748 2294
56 781 2214
51 643 1253
66 1084 4637
67 1077 5041
68 1085 5744
54 705 1715
55 781 1710
55 757 1843
69 1194 4226
68 1135 4028
55 773 1630
54 703 1393
65 1029 3872
59 878 2011
