70 966 30259
68 890 27263
51 501 3622
66 850 17153
65 845 13060
58 644 10436
69 945 16665
63 732 14860
61 742 8842
61 721 11158
57 596 8231
57 623 4234
67 882 14615
57 615 7551
53 580 4144
54 609 3127
59 670 7849
60 700 9076
58 659 7458
65 831 12134
56 606 7836
59 677 8238
53 548 3546
61 720 9455
53 557 2980
56 646 4508
53 554 4319
62 767 10139
64 796 12866
64 848 10609
58 681 6242
67 885 22104
56 671 4034
68 930 13954
53 566 3296
53 551 3918
59 692 8588
63 786 9658
62 732 10789
57 616 7612
51 491 2924
55 593 5483
70 988 21794
68 912 19895
54 586 4227
56 605 5423
69 948 20546
53 582 3724
63 781 14932
59 699 7325
62 796 7705
51 522 3065
57 637 7254
58 677 5823
61 745 9576
58 638 8638
65 797 22048
69 900 23836
55 558 6245
68 925 18298
61 772 8234
59 716 7016
51 497 4527
66 876 12296
65 791 22306
65 880 10196
57 652 5284
64 788 22030
59 643 9812
55 582 6029
67 873 19892
60 751 6266
55 579 4839
60 711 10866
56 619 4388
61 746 9868
53 545 4118
58 628 11617
54 583 4250
66 871 18056
52 540 3748
69 931 21116
62 791 8548
61 740 9363
52 543 3051
51 533 3064
60 687 9353
60 686 11064
55 572 4960
69 915 24893
56 580 6255
70 994 23682
54 587 4662
51 534 3031
65 803 17035
60 671 13465
60 690 8960
64 811 15525
52 548 2594
67 881 14931
63 813 7844
55 600 4337
62 785 8543
68 862 25226
67 862 22532
54 591 3758
63 761 14554
68 913 16762
70 962 20951
64 801 12470
53 557 3418
51 526 2378
64 778 15823
67 881 19749
54 598 3509
55 615 4423
65 834 16092
61 725 8920
59 682 8344
63 759 12307
67 905 17299
66 868 12796
64 774 17716
68 883 21194
58 639 8285
59 685 7936
66 856 17671
66 885 12928
70 927 30354
69 908 30273
54 596 4385
51 496 4592
58 688 5898
70 979 22970
51 535 1921
70 935 28839
52 541 3657
67 883 23061
67 891 19020
56 632 4802
62 787 9845
56 612 6464
54 597 3097
62 731 14447
52 552 3833
63 788 10057
66 858 15734
55 581 5218
58 685 4984
58 640 8579
66 878 14497
55 576 7341
57 636 6089
53 510 5342
66 850 20033
63 804 10969
56 620 6339
52 509 4288
66 873 19271
60 687 12453
69 917 29198
64 778 13702
67 945 13116
64 793 12685
63 743 18175
59 696 6592
57 648 5501
51 483 3271
70 965 26781
68 932 16753
52 548 2835
54 569 4816
63 757 14185
65 814 13151
62 766 7755
68 903 18088
59 677 8134
61 715 13301
54 588 3698
65 820 15308
57 622 7858
55 573 6098
62 729 15928
70 975 21092
65 836 15408
52 534 3012
64 825 11760
69 908 18632
70 932 19875
69 928 20665
68 917 16468
52 554 2649
62 750 10892
60 726 7876
57 647 6780
52 553 2701
61 741 8783
69 958 11936
60 702 7712
56 620 3743
