62 543 57407
51 342 9931
55 463 11240
58 532 13255
52 416 6441
60 548 24638
54 387 31059
60 543 41496
59 508 37706
63 584 51219
66 674 42408
58 474 38664
59 509 25153
56 475 13956
51 380 10017
53 387 14951
62 529 59391
51 348 16381
59 499 33554
56 440 20015
66 665 52471
62 557 35593
51 351 7672
54 447 9529
62 576 32771
57 481 14178
61 530 45857
53 418 12412
52 416 7571
67 698 57165
52 371 12645
55 462 13726
63 624 28059
58 516 17715
61 590 23126
56 469 21854
61 578 19566
59 502 25853
56 477 13639
63 606 57121
53 444 7706
61 565 31136
54 411 14279
59 495 25357
61 559 33581
60 541 31043
65 664 49927
58 502 23256
53 424 8950
51 402 9757
62 597 53214
51 381 8427
65 647 50366
52 402 12102
58 495 23877
62 545 50048
52 355 21332
64 626 52667
57 491 23407
61 544 57712
51 385 13268
55 431 24605
58 499 30804
61 562 36929
54 457 13616
58 502 34753
53 382 25033
57 440 42045
55 438 19236
61 535 49634
62 603 31676
52 394 11331
52 440 8760
59 540 26665
65 654 59283
57 510 20211
56 477 19892
54 458 11529
57 455 45769
51 358 9807
53 398 26161
53 408 16716
51 367 16515
56 460 24424
58 450 48809
61 577 33219
56 462 24808
62 548 57282
60 524 26973
63 619 42469
59 486 52514
63 625 38949
54 426 18757
53 411 13666
64 596 48253
53 439 14756
58 498 28873
51 390 10369
60 534 37705
53 383 21881
55 447 22213
57 507 20557
62 551 59073
59 531 27611
52 375 23978
63 580 56263
55 467 15531
60 525 35608
57 452 34387
57 480 29158
60 555 32394
55 430 26987
55 408 31594
56 477 17397
55 447 22813
54 426 15399
52 420 11944
64 624 57979
57 469 24103
54 423 18226
55 446 16999
56 474 20255
57 500 26064
63 619 35792
59 526 30124
52 460 6297
62 573 38293
64 571 50492
58 514 18586
61 573 28937
54 456 15172
56 492 15902
69 689 49738
60 526 30680
54 450 13046
