51 734 798
52 808 706
58 976 1328
68 1343 2958
56 916 1232
55 897 1096
60 1057 1588
59 1002 1473
66 1273 2683
65 1273 1987
60 1067 1679
59 1036 1600
53 845 827
57 974 1231
69 1408 2832
53 841 857
58 997 1371
63 1149 1960
51 764 735
53 808 918
55 902 1093
54 864 1035
64 1239 2119
69 1386 2836
67 1319 2460
58 1002 1308
58 983 1507
53 866 837
68 1389 2551
66 1283 2701
53 832 923
53 818 854
61 1084 1844
61 1092 1708
61 1074 1605
67 1311 2636
54 896 900
70 1405 3773
60 1033 1787
51 763 782
65 1251 2207
70 1456 3387
66 1309 2305
51 775 719
68 1357 3224
57 969 1245
61 1097 1643
63 1184 1873
60 1069 1517
60 1107 1274
63 1181 1858
60 1075 1520
55 879 1113
66 1308 2080
66 1280 2370
65 1263 2158
67 1312 2579
56 944 1119
51 774 771
63 1164 2098
68 1378 3086
52 784 794
56 935 1038
63 1174 2009
69 1432 2956
67 1343 2358
57 955 1133
64 1179 2411
56 924 1127
67 1309 2729
65 1253 2286
52 784 808
51 766 731
54 861 958
65 1251 2267
57 938 1279
68 1406 2711
66 1260 2588
60 1047 1674
63 1181 2113
69 1449 2715
59 1028 1401
52 785 869
52 755 938
61 1074 1865
62 1149 1815
61 1091 1765
55 901 1072
67 1345 2500
55 896 1098
59 1051 1583
52 797 792
67 1293 2941
70 1466 3252
61 1072 1876
54 865 1041
51 722 960
70 1447 3633
64 1198 2318
57 966 1154
56 900 1330
69 1423 2986
58 965 1430
63 1162 2084
64 1219 2276
55 873 1095
59 1002 1619
64 1209 2204
57 930 1454
64 1230 2009
57 946 1281
66 1273 2801
65 1276 2177
61 1109 1553
53 866 792
62 1114 1936
53 795 1069
70 1433 2984
70 1428 3348
51 740 768
69 1412 2825
67 1324 2755
56 903 1076
58 1009 1340
62 1140 1786
54 856 1052
54 873 918
52 787 740
57 929 1337
58 984 1399
58 1002 1275
52 784 815
69 1374 3073
61 1049 1791
60 1054 1516
68 1372 2859
55 890 996
55 929 994
62 1136 1950
62 1142 1627
52 803 857
70 1439 3245
58 985 1380
69 1421 2800
68 1377 2586
57 958 1261
54 886 921
66 1273 2533
65 1244 2281
63 1171 2164
66 1263 2687
69 1412 2808
59 1053 1355
66 1261 2367
68 1325 3218
63 1178 2065
62 1172 1608
63 1136 2207
68 1399 2624
70 1432 3904
64 1224 1977
67 1331 2679
68 1346 2989
58 1000 1229
51 765 771
59 1013 1542
55 882 1095
65 1253 2194
64 1220 2252
53 791 968
52 803 764
69 1431 2668
55 900 1082
64 1216 1994
56 957 1124
62 1133 1729
54 859 1055
61 1105 1703
60 1087 1314
62 1083 2093
67 1340 2470
53 836 859
70 1444 2920
59 1046 1399
70 1452 2598
60 1091 1344
56 909 1047
64 1186 2082
59 1027 1485
57 967 1208
65 1221 1972
54 846 974
56 927 1093
54 857 975
56 929 1018
62 1123 1450
65 1201 1584
62 1142 1167
51 761 620
59 1013 867
