58 1142 744
64 1428 1163
58 1162 771
58 1173 740
64 1393 1051
61 1293 896
67 1539 1405
65 1474 1191
65 1474 1143
60 1228 899
66 1527 1280
69 1634 1585
57 1107 672
60 1260 841
55 1034 583
52 926 519
69 1652 1563
61 1264 1007
64 1419 1152
68 1591 1536
61 1258 978
55 1017 653
60 1259 951
69 1630 1606
57 1097 753
57 1129 789
68 1606 1429
70 1669 1714
56 1083 674
70 1702 1663
58 1181 798
54 978 596
67 1598 1415
51 906 430
60 1256 870
54 1016 602
53 989 530
59 1177 806
62 1312 1007
70 1734 1662
70 1682 1597
66 1485 1307
54 968 543
53 945 553
55 1047 595
52 930 471
55 1030 646
58 1169 761
67 1576 1394
56 1103 706
68 1606 1452
62 1328 1047
65 1451 1229
68 1616 1452
55 1060 635
62 1329 996
63 1385 1110
66 1489 1260
70 1692 1683
63 1374 1103
54 1003 601
51 909 474
54 1004 573
51 874 426
67 1550 1491
64 1445 1131
66 1526 1260
63 1371 1114
60 1277 869
55 1051 600
66 1487 1290
58 1166 771
64 1395 1146
53 992 502
54 998 581
52 902 498
64 1386 1161
69 1611 1518
61 1267 954
69 1651 1532
61 1270 979
55 1036 650
53 984 574
70 1661 1712
67 1556 1334
63 1382 1059
63 1337 1098
65 1439 1155
65 1419 1181
64 1425 1130
59 1204 839
66 1513 1286
69 1659 1568
62 1351 1026
52 944 459
59 1205 820
59 1210 797
66 1505 1433
51 914 453
67 1539 1433
67 1559 1403
63 1354 1108
54 1025 596
55 1032 634
69 1644 1489
60 1235 853
62 1341 1006
52 930 529
52 937 509
60 1245 888
66 1477 1257
68 1599 1500
57 1139 703
51 904 454
57 1137 742
61 1298 968
53 973 558
64 1391 1170
62 1315 1013
68 1600 1532
68 1597 1460
65 1495 1153
65 1451 1347
59 1186 880
61 1255 933
57 1087 732
65 1460 1201
56 1057 630
51 905 481
51 887 508
59 1216 859
61 1247 1019
61 1289 1004
66 1497 1263
69 1636 1526
70 1709 1625
67 1538 1396
60 1227 848
63 1378 1066
59 1182 803
67 1496 1425
65 1455 1186
53 965 560
53 941 565
62 1365 1035
63 1352 1072
59 1135 883
56 1098 665
52 908 450
54 998 567
56 1048 747
62 1320 1023
70 1675 1691
60 1242 861
69 1593 1709
56 1043 691
59 1226 802
58 1184 769
56 1086 712
53 981 592
58 1124 836
56 1071 713
60 1243 844
55 1028 616
64 1437 1120
70 1729 1670
52 952 531
67 1537 1386
53 985 524
63 1347 1158
54 999 590
52 906 533
52 936 538
56 1081 670
55 1053 627
68 1595 1498
56 1050 670
53 980 553
51 882 511
61 1298 957
65 1450 1213
64 1418 1188
59 1214 905
51 878 468
57 1103 708
58 1195 806
58 1135 786
62 1319 964
63 1373 971
57 1144 682
51 886 455
70 1694 1203
62 1296 841
68 1563 1031
69 1656 987
54 1011 506
66 1509 808
57 1122 518
57 1126 605
68 1606 806
