69 2122 2120
60 1579 1210
51 1155 668
63 1770 1561
54 1262 777
65 1883 1708
67 2015 2053
54 1286 840
69 2116 2188
68 2058 2067
57 1437 986
51 1157 633
51 1144 609
53 1243 789
55 1354 935
68 2043 2009
69 2121 2172
66 1950 1871
68 2062 2034
55 1325 881
62 1726 1462
64 1825 1639
66 1933 1767
51 1134 678
51 1150 651
66 1915 1770
67 1973 1916
70 2149 2185
58 1486 1063
64 1813 1604
68 2064 2095
63 1756 1528
54 1282 820
61 1637 1346
61 1636 1353
67 1990 1795
58 1486 1083
60 1578 1248
53 1250 791
62 1701 1480
58 1525 1153
65 1871 1693
54 1288 847
63 1757 1511
70 2184 2357
54 1295 872
54 1285 835
55 1348 859
61 1658 1355
59 1548 1262
66 1934 1796
61 1644 1307
61 1636 1293
64 1811 1574
57 1442 1034
63 1792 1632
59 1556 1196
52 1181 677
65 1875 1728
60 1589 1248
52 1205 751
58 1488 1102
57 1427 1016
61 1656 1389
64 1831 1680
52 1195 728
70 2175 2326
57 1447 1071
58 1480 1111
53 1214 711
59 1537 1184
67 1985 1843
51 1153 678
56 1371 923
70 2163 2282
62 1692 1382
66 1909 1772
54 1290 852
64 1833 1699
59 1531 1185
63 1759 1475
52 1193 699
68 2048 1964
69 2118 2170
63 1752 1485
67 1990 1948
51 1150 703
63 1755 1441
59 1514 1149
56 1388 1006
65 1858 1705
67 1973 1921
70 2155 2274
53 1238 799
54 1259 820
57 1420 1035
70 2152 2230
66 1939 1905
62 1709 1467
59 1541 1228
54 1273 848
52 1200 789
61 1662 1377
65 1854 1710
57 1414 1007
55 1331 906
53 1261 837
57 1444 1044
60 1606 1288
59 1555 1210
65 1878 1754
60 1607 1263
68 2032 1953
58 1478 1060
70 2162 2246
60 1598 1260
58 1490 1123
65 1856 1696
66 1943 1799
55 1344 926
52 1204 740
63 1757 1540
62 1691 1461
69 2126 2195
63 1768 1553
58 1504 1150
53 1252 759
56 1374 972
70 2176 2343
53 1249 718
51 1155 691
69 2126 2289
58 1502 1155
63 1742 1516
61 1654 1365
67 1978 1876
65 1889 1796
57 1433 1064
55 1342 898
55 1336 911
60 1588 1279
69 2125 2205
66 1940 1870
56 1397 993
52 1197 738
62 1697 1448
59 1543 1225
68 2053 2032
57 1435 1043
59 1553 1250
67 1995 1976
56 1404 1010
51 1147 689
58 1468 1052
53 1258 830
62 1703 1451
69 2126 2257
66 1935 1796
70 2158 2250
55 1334 882
54 1267 756
52 1174 689
57 1452 1092
61 1662 1420
51 1146 686
64 1795 1596
52 1174 692
67 2004 1973
69 2081 2009
55 1322 822
62 1728 1493
53 1247 766
62 1698 1412
66 1935 1789
68 2051 2056
64 1814 1548
69 2128 2213
62 1696 1398
67 1975 1909
60 1584 1224
68 2052 2051
60 1613 1302
64 1798 1586
65 1875 1671
60 1583 1258
56 1412 1003
52 1202 764
64 1786 1471
56 1387 986
68 2075 1796
65 1888 1616
55 1329 901
56 1385 905
61 1639 1041
64 1779 1117
70 2204 1267
56 1384 743
53 1222 559
56 1380 710
59 1559 851
