67 1767 1522
54 1135 646
65 1651 1236
61 1468 1033
54 1148 567
65 1630 1267
52 1078 556
56 1228 714
51 1069 528
70 1926 1763
59 1375 891
51 1026 504
63 1579 1230
64 1597 1267
66 1737 1410
61 1466 1032
69 1905 1659
54 1152 666
67 1805 1530
57 1259 791
51 1012 525
55 1176 666
69 1860 1614
58 1301 842
51 1023 514
58 1344 844
67 1755 1520
53 1104 627
58 1291 794
64 1625 1300
63 1561 1177
70 1930 1691
66 1726 1414
70 1887 1717
56 1224 716
52 1067 537
61 1501 1053
58 1322 841
67 1763 1474
58 1327 811
54 1127 600
61 1462 1041
70 1928 1717
60 1427 963
69 1868 1655
59 1398 972
63 1559 1071
64 1640 1245
62 1520 1092
53 1104 592
53 1069 546
51 1028 515
59 1372 869
66 1698 1389
63 1564 1189
63 1573 1205
68 1817 1702
60 1414 977
67 1753 1535
69 1882 1695
53 1125 567
59 1378 898
57 1255 785
55 1177 715
60 1396 1009
64 1598 1361
65 1684 1442
63 1558 1306
63 1573 1261
61 1452 1080
55 1177 732
64 1645 1318
66 1709 1478
67 1758 1502
62 1500 1190
58 1295 852
53 1120 606
55 1200 774
55 1198 714
60 1405 985
62 1514 1110
66 1724 1372
70 1901 1813
68 1831 1645
56 1246 798
52 1070 595
60 1399 1006
56 1239 731
65 1666 1363
70 1932 1896
66 1711 1455
51 1035 571
55 1180 701
52 1049 522
57 1252 759
55 1226 773
52 1052 607
56 1216 762
59 1356 887
69 1884 1854
66 1715 1482
67 1757 1553
64 1645 1367
65 1649 1447
63 1573 1252
61 1464 1089
57 1269 835
52 1069 581
55 1205 835
61 1471 1138
65 1644 1446
58 1339 969
63 1579 1275
58 1324 962
64 1638 1353
69 1890 1728
60 1416 946
52 1063 528
57 1272 817
55 1200 687
62 1505 1031
63 1550 1122
66 1688 1366
54 1132 643
53 1127 584
57 1256 769
59 1363 907
62 1507 1106
56 1228 752
53 1143 647
56 1221 731
51 1007 507
68 1826 1580
68 1814 1556
68 1847 1563
65 1672 1291
52 1053 539
60 1383 937
69 1888 1688
69 1854 1675
51 1008 500
62 1522 1137
67 1769 1411
61 1485 1016
54 1130 600
59 1374 899
58 1316 819
60 1417 970
52 1038 546
53 1112 622
60 1424 964
54 1153 646
52 1068 550
59 1365 888
68 1795 1500
65 1703 1390
59 1368 910
61 1475 1037
62 1466 1023
68 1849 1633
57 1294 821
53 1112 592
55 1199 693
69 1875 1628
56 1238 738
57 1239 780
56 1260 794
54 1135 627
64 1626 1237
70 1939 1846
62 1526 1118
64 1610 1205
70 1916 1753
58 1330 827
67 1788 1485
65 1693 1356
65 1671 1337
69 1865 1652
68 1826 1606
70 1937 1744
54 1158 658
62 1522 1119
66 1699 1384
62 1512 1114
57 1262 791
59 1373 922
70 1934 1599
57 1278 807
54 1151 680
64 1608 1118
56 1246 741
67 1763 1116
51 1021 491
68 1783 1053
51 1029 456
61 1430 766
53 1097 465
68 1866 938
60 1400 669
66 1674 782
