67 1767 2494
54 1135 1091
65 1651 2177
61 1468 1789
54 1148 1113
65 1630 2161
52 1078 995
56 1228 1259
51 1069 1006
70 1926 3025
59 1375 1698
51 1026 917
63 1579 2026
64 1597 2084
66 1737 2393
61 1466 1750
69 1905 2783
54 1152 1117
67 1805 2521
57 1259 1360
51 1012 951
55 1176 1161
69 1860 2721
58 1301 1422
51 1023 971
58 1344 1470
67 1755 2417
53 1104 1038
58 1291 1351
64 1625 2079
63 1561 1945
70 1930 3022
66 1726 2322
70 1887 2889
56 1224 1238
52 1067 940
61 1501 1803
58 1322 1458
67 1763 2549
58 1327 1483
54 1127 1080
61 1462 1782
70 1928 2954
60 1427 1733
69 1868 2807
59 1398 1700
63 1559 1998
64 1640 2196
62 1520 1867
53 1104 1064
53 1069 1054
51 1028 970
59 1372 1521
66 1698 2296
63 1564 1954
63 1573 1932
68 1817 2659
60 1414 1639
67 1753 2389
69 1882 2694
53 1125 1055
59 1378 1484
57 1255 1292
55 1177 1156
60 1396 1624
64 1598 2102
65 1684 2271
63 1558 2049
63 1573 2095
61 1452 1770
55 1177 1244
64 1645 2342
66 1709 2572
67 1758 2480
62 1500 1953
58 1295 1459
53 1120 1157
55 1200 1276
55 1198 1233
60 1405 1649
62 1514 1859
66 1724 2344
70 1901 2893
68 1831 2614
56 1246 1270
52 1070 1025
60 1399 1724
56 1239 1243
65 1666 2200
70 1932 2907
66 1711 2322
51 1035 941
55 1180 1149
52 1049 953
57 1252 1278
55 1226 1217
52 1052 1001
56 1216 1223
59 1356 1501
69 1884 2990
66 1715 2346
67 1757 2530
64 1645 2063
65 1649 2201
63 1573 2169
61 1464 1691
57 1269 1337
52 1069 975
55 1205 1197
61 1471 1872
65 1644 2280
58 1339 1575
63 1579 2111
58 1324 1597
64 1638 2359
69 1890 3044
60 1416 1756
52 1063 1115
57 1272 1498
55 1200 1250
62 1505 1850
63 1550 1940
66 1688 2268
54 1132 1093
53 1127 1094
57 1256 1319
59 1363 1507
62 1507 1823
56 1228 1269
53 1143 1045
56 1221 1199
51 1007 875
68 1826 2637
68 1814 2731
68 1847 2757
65 1672 2272
52 1053 956
60 1383 1636
69 1888 3576
69 1854 3131
51 1008 864
62 1522 1961
67 1769 2711
61 1485 2189
54 1130 1276
59 1374 1642
58 1316 1512
60 1417 1901
52 1038 1023
53 1112 1204
60 1424 2178
54 1153 1793
52 1068 1351
59 1365 1757
68 1795 3207
65 1703 2722
59 1368 1969
61 1475 2682
62 1466 1951
68 1849 3016
57 1294 1695
53 1112 1328
55 1199 1389
69 1875 2768
56 1238 1370
57 1239 1374
56 1260 1323
54 1135 1108
64 1626 2069
70 1939 3053
62 1526 1866
64 1610 2031
70 1916 3092
58 1330 1402
67 1788 2558
65 1693 2371
65 1671 2327
69 1865 2829
68 1826 2788
70 1937 3172
54 1158 1107
62 1522 2018
66 1699 2434
62 1512 2173
57 1262 1375
59 1373 1744
70 1934 2697
57 1278 1481
54 1151 1392
64 1608 2048
56 1246 1457
67 1763 2114
51 1021 1043
68 1783 1941
51 1029 948
61 1430 1404
53 1097 988
68 1866 1634
60 1400 1219
66 1674 1329
