69 2122 3645
60 1579 1872
51 1155 973
63 1770 2538
54 1262 1405
65 1883 2978
67 2015 3055
54 1286 1198
69 2116 3578
68 2058 3486
57 1437 1666
51 1157 912
51 1144 1100
53 1243 1226
55 1354 1458
68 2043 3516
69 2121 3754
66 1950 3253
68 2062 3433
55 1325 1536
62 1726 2550
64 1825 2862
66 1933 2897
51 1134 1024
51 1150 1170
66 1915 3149
67 1973 3110
70 2149 3676
58 1486 1944
64 1813 2439
68 2064 3548
63 1756 2296
54 1282 1445
61 1637 2152
61 1636 2203
67 1990 3299
58 1486 1905
60 1578 2023
53 1250 1037
62 1701 2177
58 1525 1910
65 1871 3140
54 1288 1442
63 1757 2551
70 2184 4134
54 1295 1128
54 1285 1341
55 1348 1429
61 1658 2548
59 1548 2621
66 1934 3186
61 1644 2566
61 1636 2583
64 1811 3078
57 1442 1699
63 1792 2780
59 1556 2340
52 1181 1750
65 1875 3366
60 1589 2080
52 1205 1071
58 1488 2045
57 1427 1899
61 1656 2299
64 1831 2736
52 1195 1036
70 2175 4393
57 1447 1590
58 1480 1960
53 1214 1321
59 1537 2081
67 1985 3477
51 1153 1045
56 1371 1687
70 2163 4184
62 1692 2403
66 1909 3470
54 1290 1298
64 1833 2917
59 1531 2032
63 1759 2910
52 1193 1207
68 2048 3791
69 2118 4057
63 1752 2838
67 1990 3623
51 1150 1210
63 1755 2837
59 1514 2119
56 1388 1824
65 1858 3385
67 1973 3596
70 2155 4073
53 1238 1161
54 1259 1342
57 1420 1728
70 2152 3836
66 1939 3277
62 1709 2449
59 1541 2113
54 1273 1417
52 1200 1126
61 1662 2341
65 1854 3085
57 1414 1732
55 1331 1508
53 1261 1071
57 1444 1438
60 1606 2187
59 1555 2297
65 1878 2923
60 1607 2167
68 2032 3630
58 1478 2081
70 2162 4062
60 1598 2206
58 1490 1949
65 1856 3148
66 1943 3395
55 1344 1552
52 1204 1017
63 1757 2877
62 1691 2603
69 2126 4465
63 1768 3105
58 1504 1949
53 1252 1464
56 1374 1914
70 2176 4488
53 1249 1312
51 1155 1333
69 2126 4512
58 1502 2544
63 1742 3066
61 1654 2749
67 1978 3429
65 1889 3591
57 1433 2261
55 1342 2201
55 1336 1536
60 1588 2749
69 2125 4254
66 1940 3149
56 1397 1651
52 1197 1175
62 1697 2222
59 1543 2012
68 2053 3486
57 1435 1759
59 1553 1934
67 1995 3285
56 1404 1022
51 1147 1025
58 1468 1778
53 1258 776
62 1703 2414
69 2126 3195
66 1935 3080
70 2158 4085
55 1334 1535
54 1267 1254
52 1174 1279
57 1452 1527
61 1662 2132
51 1146 1142
64 1795 2729
52 1174 1177
67 2004 3338
69 2081 3739
55 1322 1548
62 1728 2563
53 1247 1375
62 1698 2585
66 1935 3289
68 2051 3650
64 1814 2906
69 2128 3637
62 1696 2513
67 1975 3157
60 1584 2140
68 2052 3450
60 1613 1913
64 1798 2767
65 1875 2836
60 1583 2169
56 1412 1427
52 1202 986
64 1786 2291
56 1387 1566
68 2075 2710
65 1888 2450
55 1329 1233
56 1385 1400
61 1639 1672
64 1779 1918
70 2204 2224
56 1384 1308
53 1222 1062
56 1380 1254
59 1559 1293
