70 966 25003
68 890 22028
51 501 2606
66 850 13576
65 845 10533
58 644 8192
69 945 13601
63 732 11974
61 742 6947
61 721 8895
57 596 6267
57 623 3088
67 882 12129
57 615 6005
53 580 3387
54 609 2711
59 670 6580
60 700 7509
58 659 6305
65 831 10074
56 606 6483
59 677 6853
53 548 2954
61 720 7714
53 557 2491
56 646 3767
53 554 3532
62 767 8252
64 796 10570
64 848 8643
58 681 5062
67 885 18265
56 671 3282
68 930 11687
53 566 2745
53 551 3179
59 692 7352
63 786 8111
62 732 8971
57 616 6436
51 491 2532
55 593 4598
70 988 18086
68 912 16195
54 586 3507
56 605 4545
69 948 16691
53 582 3224
63 781 11977
59 699 6211
62 796 6431
51 522 2576
57 637 5972
58 677 4892
61 745 7735
58 638 6950
65 797 17618
69 900 19221
55 558 5063
68 925 15101
61 772 6742
59 716 5676
51 497 3510
66 876 9912
65 791 18262
65 880 8397
57 652 4592
64 788 18465
59 643 8075
55 582 4912
67 873 16527
60 751 5143
55 579 3978
60 711 9057
56 619 3605
61 746 8205
53 545 3352
58 628 9659
54 583 3443
66 871 14814
52 540 3030
69 931 17500
62 791 7197
61 740 7937
52 543 2629
51 533 2676
60 687 7925
60 686 9428
55 572 4202
69 915 20466
56 580 5249
70 994 19632
54 587 3950
51 534 2552
65 803 14005
60 671 11237
60 690 7428
64 811 12994
52 548 2167
67 881 12656
63 813 6453
55 600 3549
62 785 7058
68 862 21175
67 862 19162
54 591 3171
63 761 12103
68 913 14040
70 962 17277
64 801 10365
53 557 2924
51 526 2059
64 778 13278
67 881 16104
54 598 2944
55 615 3718
65 834 13165
61 725 7488
59 682 6929
63 759 10097
67 905 13915
66 868 10306
64 774 14565
68 883 20014
58 639 6672
59 685 6435
66 856 14047
66 885 10680
70 927 24510
69 908 24332
54 596 3655
51 496 3863
58 688 4972
70 979 18670
51 535 1836
70 935 23094
52 541 3061
67 883 18543
67 891 15054
56 632 3853
62 787 7593
56 612 5071
54 597 2510
62 731 11327
52 552 3073
63 788 7939
66 858 12629
55 581 4086
58 685 3925
58 640 6753
66 878 11705
55 576 5908
57 636 4970
53 510 4292
66 850 16792
63 804 9184
56 620 5358
52 509 3591
66 873 16038
60 687 10371
69 917 24165
64 778 11523
67 945 11111
64 793 10535
63 743 15320
59 696 5432
57 648 4699
51 483 2817
70 965 22158
68 932 14101
52 548 2387
54 569 4092
63 757 11870
65 814 11034
62 766 6504
68 903 15042
59 677 6680
61 715 11022
54 588 3139
65 820 12789
57 622 6661
55 573 5077
62 729 13176
70 975 17618
65 836 12712
52 534 2548
64 825 9823
69 908 16247
70 932 17709
69 928 18811
68 917 16401
52 554 2315
62 750 8783
60 726 6458
57 647 5876
52 553 2301
61 741 7426
69 958 10340
60 702 6923
56 620 3367
