51 342 11748
55 463 12924
58 532 15090
52 416 8247
60 548 26206
54 387 33702
60 543 43687
59 508 40146
63 584 54450
66 674 44254
58 474 38865
59 509 25969
56 475 14819
51 380 10939
53 387 16993
51 348 18376
59 499 36451
56 440 21764
66 665 57401
62 557 38649
51 351 8485
54 447 10853
62 576 35400
57 481 15339
61 530 50144
53 418 13228
52 416 7943
52 371 13846
55 462 14823
63 624 30327
58 516 19207
61 590 25724
56 469 23646
61 578 21345
59 502 27787
56 477 14865
63 606 57728
53 444 8554
61 565 33134
54 411 15587
59 495 26676
61 559 34135
60 541 32001
65 664 47165
58 502 23514
53 424 9326
51 402 9985
62 597 46967
51 381 8205
65 647 43224
52 402 10772
58 495 20106
62 545 41677
52 355 17139
60 510 55875
64 626 42640
57 491 18942
61 544 47474
51 385 10659
55 431 20314
58 499 25382
61 562 30945
54 457 11399
58 502 28748
53 382 21118
57 440 36334
55 438 16255
61 535 41044
62 603 26524
52 394 9648
52 440 7843
59 540 22394
65 654 45846
57 510 16820
56 477 16047
54 458 9230
66 662 52041
57 455 32258
51 358 7815
53 398 18959
53 408 12556
51 367 11401
59 483 48192
60 493 49709
56 460 16725
58 450 39118
61 577 26909
56 462 20708
62 548 47879
60 524 21977
63 619 34853
59 486 42716
63 625 31788
54 426 15710
53 411 11283
64 596 38932
53 439 12057
58 498 23042
51 390 8336
60 534 30048
53 383 17691
55 447 17751
66 646 57069
64 581 55633
57 507 16953
62 551 47728
59 531 22647
52 375 19573
63 587 57892
63 580 45642
55 467 12764
60 525 28731
57 452 27647
57 480 23627
60 555 25947
55 430 21735
55 408 25455
56 477 13925
55 447 18674
54 426 12504
52 420 9544
64 624 48077
57 469 19575
54 423 14793
55 446 13959
56 474 16667
57 500 21069
63 619 29187
59 526 24589
52 460 5066
62 573 33346
64 571 45439
58 514 15026
61 573 24584
54 456 12142
56 492 13004
69 689 49651
60 526 30756
54 450 11410
