51 734 1044
52 808 1053
58 976 1738
68 1343 3842
56 916 1608
55 897 1387
60 1057 1999
59 1002 1894
66 1273 3266
65 1273 2536
60 1067 2128
59 1036 2026
53 845 1078
57 974 1569
69 1408 3386
53 841 1008
58 997 1726
63 1149 2391
51 764 907
53 808 1295
55 902 1347
54 864 1305
64 1239 2811
69 1386 3507
67 1319 2975
58 1002 1694
58 983 1850
53 866 1084
68 1389 3050
66 1283 3302
53 832 1162
53 818 1101
61 1084 2176
61 1092 2079
61 1074 1923
67 1311 3226
54 896 1110
70 1405 4947
60 1033 2104
51 763 932
65 1251 2648
70 1456 4510
66 1309 2785
51 775 913
68 1357 3959
57 969 1475
61 1097 2000
63 1184 2301
60 1069 1852
60 1107 1642
63 1181 2664
60 1075 2034
55 879 1453
66 1308 2925
66 1280 3173
65 1263 2964
67 1312 3343
56 944 1572
51 774 1078
63 1164 2750
68 1378 3897
52 784 1135
56 935 1479
63 1174 2626
69 1432 3571
67 1343 2851
57 955 1548
64 1179 2627
56 924 1465
67 1309 3237
65 1253 2650
52 784 1077
51 766 918
54 861 1153
65 1251 2595
57 938 1433
68 1406 3047
66 1260 2946
60 1047 1947
63 1181 2396
69 1449 3192
59 1028 1643
52 785 997
52 755 1101
61 1074 2144
62 1149 2182
61 1091 2029
55 901 1214
67 1345 3122
55 896 1213
59 1051 1929
52 797 915
67 1293 3738
70 1466 4069
61 1072 2443
54 865 1775
51 722 1726
70 1447 4659
64 1198 3040
57 966 1738
56 900 1968
69 1423 3935
58 965 2163
63 1162 3164
64 1219 3025
55 873 1543
59 1002 2117
64 1209 2727
57 930 1723
64 1230 2396
57 946 1572
66 1273 3362
65 1276 2608
61 1109 1953
53 866 1048
62 1114 2268
53 795 1338
70 1433 3813
70 1428 4128
51 740 951
69 1412 3534
67 1324 3471
56 903 1358
58 1009 1652
62 1140 2206
54 856 1267
54 873 1117
52 787 906
57 929 1621
58 984 1808
58 1002 1668
52 784 1058
69 1374 3987
61 1049 2321
60 1054 2125
68 1372 3822
55 890 1337
55 929 1593
62 1136 2503
62 1142 2166
52 803 1413
70 1439 4185
58 985 1895
69 1421 3760
68 1377 3407
57 958 1750
54 886 1288
66 1273 3241
65 1244 2889
63 1171 2979
66 1263 3287
69 1412 3420
59 1053 1911
66 1261 2894
68 1325 3991
63 1178 2520
62 1172 1990
63 1136 2558
68 1399 2978
70 1432 4392
64 1224 2303
67 1331 2936
68 1346 3264
58 1000 1422
51 765 893
59 1013 1810
55 882 1293
65 1253 2498
64 1220 2572
53 791 1154
52 803 916
69 1431 3104
55 900 1216
64 1216 2305
56 957 1284
62 1133 1997
54 859 1177
61 1105 2021
60 1087 1560
62 1083 2403
67 1340 2899
53 836 1026
70 1444 3373
59 1046 1678
70 1452 3098
60 1091 1669
56 909 1285
64 1186 2472
59 1027 1765
57 967 1463
65 1221 2374
54 846 1200
56 927 1338
54 857 1199
56 929 1232
62 1123 1679
65 1201 1761
62 1142 1416
51 761 682
59 1013 1113
