58 1142 1378
64 1428 2172
58 1162 1411
58 1173 1449
64 1393 1972
61 1293 1728
67 1539 2582
65 1474 2176
65 1474 2007
60 1228 1681
66 1527 2222
69 1634 2779
57 1107 1337
60 1260 1684
55 1034 1037
52 926 907
69 1652 2576
61 1264 1681
64 1419 1965
68 1591 2501
61 1258 1664
55 1017 1169
60 1259 1587
69 1630 2668
57 1097 1314
57 1129 1338
68 1606 2493
70 1669 2778
56 1083 1140
70 1702 2701
58 1181 1396
54 978 986
67 1598 2326
51 906 796
60 1256 1484
54 1016 1025
53 989 922
59 1177 1377
62 1312 1710
70 1734 2812
70 1682 2731
66 1485 2270
54 968 975
53 945 942
55 1047 1021
52 930 849
55 1030 1109
58 1169 1356
67 1576 2410
56 1103 1253
68 1606 2651
62 1328 1747
65 1451 2129
68 1616 2561
55 1060 1082
62 1329 1736
63 1385 2017
66 1489 2343
70 1692 3212
63 1374 1965
54 1003 1232
51 909 966
54 1004 1091
51 874 877
67 1550 2643
64 1445 2097
66 1526 2265
63 1371 1914
60 1277 1525
55 1051 1100
66 1487 2256
58 1166 1407
64 1395 2225
53 992 943
54 998 1084
52 902 898
64 1386 2077
69 1611 3001
61 1267 1942
69 1651 3194
61 1270 2011
55 1036 1288
53 984 1224
70 1661 4395
67 1556 3500
63 1382 2015
63 1337 2634
65 1439 2525
65 1419 2361
64 1425 2546
59 1204 1621
66 1513 2583
69 1659 3288
62 1351 2156
52 944 1051
59 1205 2481
59 1210 1624
66 1505 2441
51 914 955
67 1539 2874
67 1559 2775
63 1354 2060
54 1025 1298
55 1032 1241
69 1644 2987
60 1235 1683
62 1341 2263
52 930 1116
52 937 947
60 1245 1723
66 1477 2381
68 1599 3353
57 1139 1300
51 904 1063
57 1137 1356
61 1298 1822
53 973 1165
64 1391 2199
62 1315 1984
68 1600 3044
68 1597 4293
65 1495 2406
65 1451 2595
59 1186 1704
61 1255 1946
57 1087 1939
65 1460 2518
56 1057 1413
51 905 1283
51 887 1028
59 1216 1791
61 1247 2306
61 1289 2287
66 1497 2655
69 1636 3365
70 1709 3505
67 1538 3725
60 1227 2628
63 1378 2362
59 1182 1894
67 1496 2833
65 1455 2399
53 965 1455
53 941 1592
62 1365 1947
63 1352 1937
59 1135 1720
56 1098 1302
52 908 926
54 998 1065
56 1048 1400
62 1320 1913
70 1675 3063
60 1242 1557
69 1593 3027
56 1043 1350
59 1226 1442
58 1184 1378
56 1086 1258
53 981 1063
58 1124 1389
56 1071 1238
60 1243 1639
55 1028 1183
64 1437 2092
70 1729 3022
52 952 877
67 1537 2650
53 985 956
63 1347 2105
54 999 1041
52 906 934
52 936 963
56 1081 1223
55 1053 1135
68 1595 2643
56 1050 1240
53 980 1026
51 882 885
61 1298 1837
65 1450 2155
64 1418 2231
59 1214 1639
51 878 1013
57 1103 1457
58 1195 1565
58 1135 1378
62 1319 1745
63 1373 1783
57 1144 1239
51 886 776
70 1694 2124
62 1296 1417
68 1563 1740
69 1656 1750
54 1011 883
66 1509 1455
57 1122 940
57 1126 872
68 1606 1444
