58 796 3985
59 867 3701
60 908 3055
53 693 1845
61 919 4232
62 950 3963
63 982 4738
67 1108 6324
62 918 4722
69 1194 7505
58 846 2884
64 1004 5177
57 784 3339
61 912 3875
67 1064 7751
67 1134 5473
70 1205 8179
62 956 3871
59 850 3909
60 908 2953
60 865 3457
51 625 1698
64 1021 5259
59 828 3744
62 939 4467
65 1031 5951
64 991 4931
54 709 1613
70 1194 8417
58 805 3197
63 955 4549
64 1024 4441
60 916 3483
60 865 4382
70 1216 8536
55 751 1978
54 710 2679
70 1200 9788
70 1180 9351
57 781 3000
58 824 3571
51 614 1640
55 740 2369
61 888 5408
51 659 1269
65 1023 6790
64 1063 4052
66 1050 6538
65 1035 6430
64 1002 6394
53 694 2418
52 679 1788
65 1068 4965
69 1197 7199
59 869 2741
58 839 2928
58 827 2730
57 846 2714
52 692 1499
68 1138 6436
56 770 2224
54 712 2034
63 999 4589
60 905 3068
67 1131 5721
70 1197 8248
65 1033 4809
54 736 1721
69 1166 7677
59 870 2948
64 1013 4348
52 659 1556
66 1042 7425
62 909 4732
53 677 1980
61 914 3954
56 781 2203
63 1006 4125
69 1176 7860
55 725 3455
63 976 4458
55 693 3272
61 900 3804
53 699 1710
57 817 2283
68 1152 5891
62 960 4138
59 881 2654
65 1059 4238
63 958 4621
59 831 3409
55 748 1887
60 900 3664
54 714 2236
60 890 3608
54 710 2256
67 1086 6982
67 1084 7225
64 982 6234
57 796 2831
56 762 2765
69 1211 6302
69 1128 8826
66 1069 5515
62 904 5576
61 913 5106
62 920 5420
66 1053 7509
63 983 4140
66 1114 5088
51 657 1317
66 1080 6290
69 1157 7944
63 984 4441
55 766 2014
66 1031 8020
57 803 3336
65 1000 6954
52 669 1997
66 1072 5838
52 642 2405
56 782 2489
63 967 4462
60 921 3175
68 1113 7868
67 1126 6428
57 817 2281
51 662 1314
61 913 3794
54 749 2258
64 1020 4421
56 774 2352
57 784 2735
68 1177 6036
54 727 2085
52 648 1570
70 1182 9221
51 634 1511
67 1135 5039
55 734 2306
59 872 2597
64 983 5813
69 1168 7153
68 1120 6785
62 923 5005
60 876 3764
63 986 4425
52 664 1788
52 666 1944
56 783 2410
57 811 2404
59 830 3092
58 860 2411
67 1131 6479
69 1135 8926
58 807 3443
53 715 1577
70 1183 11079
68 1083 8993
70 1208 6533
53 684 1905
53 692 1815
70 1232 7938
51 656 1704
62 942 4421
61 928 3698
65 1047 4915
61 948 3114
52 650 2243
61 925 3271
58 844 2584
57 798 2980
53 669 1790
53 687 2057
53 682 1827
56 779 2473
51 641 1703
66 1080 6367
52 629 2404
56 756 2483
68 1095 7343
65 1028 5509
51 628 1380
58 819 3006
68 1139 6478
56 748 2741
56 781 2595
51 643 1514
66 1084 5435
67 1077 5721
68 1085 6586
54 705 2007
55 781 2077
55 757 2228
69 1194 4950
68 1135 4619
55 773 1898
54 703 1713
65 1029 4052
59 878 2366
