62 543 466
51 342 108
55 463 247
70 723 714
70 689 622
58 532 257
52 416 154
60 548 406
69 705 639
54 387 133
68 672 418
65 625 331
60 543 208
59 508 354
63 584 329
68 646 453
66 674 482
58 474 292
59 509 296
69 699 440
56 475 352
51 380 173
53 387 262
70 746 541
62 529 480
64 608 436
51 348 186
59 499 313
70 746 590
56 440 234
66 665 437
62 557 435
51 351 89
54 447 275
62 576 437
57 481 153
61 530 226
53 418 196
52 416 224
67 656 528
67 676 575
67 698 481
69 679 573
52 371 178
55 462 165
63 624 412
58 516 305
61 590 435
56 469 203
61 578 207
59 502 318
56 477 275
63 606 319
53 444 207
68 684 321
61 565 351
54 411 333
59 495 203
61 559 322
60 541 340
64 583 500
65 664 440
58 502 283
53 424 150
68 680 371
69 682 622
51 402 156
62 597 320
63 603 329
68 683 289
51 381 131
65 647 510
52 402 120
58 495 223
65 601 349
62 545 415
52 355 182
60 510 360
64 626 567
64 584 703
57 491 257
61 544 363
51 385 176
64 579 368
55 431 175
70 748 475
58 499 247
66 622 550
69 685 615
61 562 239
54 457 108
58 502 310
69 714 345
65 593 430
53 382 97
68 697 546
57 440 239
55 438 261
66 652 636
61 535 473
62 603 348
52 394 189
52 440 238
59 540 269
65 654 350
66 640 402
57 510 179
70 735 527
56 477 210
54 458 167
66 662 565
57 455 208
66 620 658
51 358 135
53 398 156
67 655 442
53 408 256
70 685 610
65 605 406
51 367 185
59 483 232
65 600 356
60 493 255
68 686 601
56 460 230
66 644 418
68 703 541
58 450 533
61 577 422
56 462 146
62 548 360
63 547 321
68 693 429
60 524 358
63 619 374
59 486 287
70 754 530
63 625 289
64 578 340
67 671 408
54 426 212
53 411 263
67 669 439
64 596 371
70 731 484
53 439 167
58 498 344
70 686 564
51 390 255
60 534 425
53 383 96
55 447 262
66 646 809
64 581 660
57 507 339
65 616 602
62 551 418
66 648 354
59 531 437
52 375 129
63 587 482
63 580 538
55 467 183
67 642 412
60 525 236
57 452 208
67 676 585
67 669 490
67 671 443
57 480 383
69 687 529
60 555 327
55 430 214
55 408 371
68 704 531
56 477 345
55 447 313
54 426 216
52 420 233
64 624 335
69 723 409
57 469 195
54 423 183
55 446 231
56 474 285
65 599 436
69 693 415
57 500 200
63 619 430
59 526 388
52 460 123
62 573 345
64 571 274
58 514 157
61 573 226
54 456 123
56 492 137
69 689 141
60 526 143
54 450 134
