69 452 585
55 303 169
70 485 397
63 363 238
68 458 372
58 330 258
67 442 411
67 449 405
54 295 164
70 480 488
57 288 193
59 305 130
53 265 63
62 406 411
53 270 145
54 292 97
58 321 254
62 357 207
58 329 135
53 288 99
53 251 87
61 360 174
57 310 147
53 280 160
68 468 382
56 326 139
66 433 319
68 431 309
63 395 265
66 430 394
69 472 379
67 431 354
59 338 187
61 365 253
70 507 538
62 384 334
65 425 393
59 339 285
60 354 280
64 400 362
57 301 129
68 480 284
53 281 107
64 393 178
64 415 226
69 454 274
54 269 124
64 410 277
66 410 226
57 304 135
70 484 377
55 303 162
56 330 100
56 307 132
60 350 195
51 256 74
61 345 129
68 436 331
63 396 243
62 393 428
68 432 368
64 429 278
69 478 400
52 268 80
67 454 411
66 431 437
53 278 102
52 261 96
64 411 361
68 480 350
57 299 178
51 244 85
70 490 306
66 432 282
58 337 293
62 425 373
63 402 190
61 374 266
61 376 219
70 472 349
69 463 302
52 284 142
67 457 241
58 309 216
59 376 218
52 268 116
55 310 153
58 346 134
61 366 222
54 301 72
55 299 99
59 359 220
54 293 98
54 299 44
61 339 183
68 497 280
64 426 342
69 463 351
65 415 208
65 420 312
67 413 395
66 416 282
57 323 235
66 433 495
70 498 420
69 483 338
60 336 217
55 296 117
65 413 185
66 451 305
60 351 172
54 306 84
64 417 255
53 269 115
65 425 285
63 372 162
55 318 161
66 420 207
51 257 98
53 296 211
51 251 76
63 379 269
59 336 242
65 431 271
54 316 135
60 348 240
61 341 131
67 440 313
56 290 172
63 373 231
62 381 170
65 396 241
55 295 136
58 321 181
56 291 175
52 268 116
70 430 379
59 327 120
64 390 141
57 303 77
62 380 208
68 494 476
65 416 304
63 401 362
52 260 68
59 338 145
58 318 155
51 273 85
52 267 107
62 360 258
55 261 105
55 313 232
67 454 290
61 397 181
60 362 224
68 471 414
60 392 226
51 251 57
67 465 409
56 327 119
56 330 93
64 417 387
52 261 158
69 479 360
52 263 141
66 439 212
70 465 446
59 335 143
69 454 337
69 478 309
58 314 178
51 229 77
51 252 72
62 388 205
67 474 335
62 400 310
63 403 277
55 305 115
60 348 244
60 370 302
52 276 177
57 326 114
56 283 126
53 279 123
60 365 185
57 325 145
51 241 41
54 273 73
63 385 205
56 309 124
58 363 212
51 262 128
54 290 103
56 295 166
57 314 120
61 362 181
59 333 160
70 472 265
65 441 165
65 410 164
