67 1767 704
54 1135 412
65 1651 494
61 1468 446
54 1148 399
65 1630 591
52 1078 304
56 1228 366
51 1069 264
70 1926 589
59 1375 441
51 1026 261
63 1579 470
64 1597 490
66 1737 546
61 1466 476
69 1905 591
54 1152 199
67 1805 581
57 1259 464
51 1012 288
55 1176 342
69 1860 594
58 1301 339
51 1023 208
58 1344 291
67 1755 392
53 1104 320
58 1291 524
64 1625 305
63 1561 556
70 1930 660
66 1726 486
70 1887 590
56 1224 264
52 1067 275
61 1501 445
58 1322 403
67 1763 383
58 1327 279
54 1127 259
61 1462 342
70 1928 363
60 1427 281
69 1868 588
59 1398 359
63 1559 390
64 1640 436
62 1520 395
53 1104 365
53 1069 210
51 1028 227
59 1372 267
66 1698 453
63 1564 346
63 1573 304
68 1817 649
60 1414 274
67 1753 389
69 1882 693
53 1125 402
59 1378 518
57 1255 393
55 1177 401
60 1396 474
64 1598 482
65 1684 363
63 1558 424
63 1573 296
61 1452 350
55 1177 261
64 1645 520
66 1709 570
67 1758 488
62 1500 364
58 1295 413
53 1120 371
55 1200 364
55 1198 367
60 1405 420
62 1514 396
66 1724 430
70 1901 664
68 1831 539
56 1246 276
52 1070 297
60 1399 493
56 1239 381
65 1666 549
70 1932 730
66 1711 571
51 1035 301
55 1180 393
52 1049 453
57 1252 250
55 1226 236
52 1052 172
56 1216 407
59 1356 469
69 1884 526
66 1715 626
67 1757 321
64 1645 343
65 1649 573
63 1573 541
61 1464 482
57 1269 229
52 1069 231
55 1205 397
61 1471 251
65 1644 470
58 1339 217
63 1579 644
58 1324 417
64 1638 570
69 1890 395
60 1416 510
52 1063 390
57 1272 444
55 1200 444
62 1505 423
63 1550 526
66 1688 425
54 1132 252
53 1127 264
57 1256 362
59 1363 266
62 1507 280
56 1228 415
53 1143 341
56 1221 504
51 1007 233
68 1826 421
68 1814 512
68 1847 445
65 1672 531
52 1053 335
60 1383 309
69 1888 485
69 1854 535
51 1008 356
62 1522 301
67 1769 394
61 1485 342
54 1130 240
59 1374 296
58 1316 474
60 1417 326
52 1038 260
53 1112 230
60 1424 326
54 1153 241
52 1068 130
59 1365 393
68 1795 406
65 1703 450
59 1368 269
61 1475 460
62 1466 360
68 1849 570
57 1294 271
53 1112 311
55 1199 332
69 1875 505
56 1238 291
57 1239 354
56 1260 341
54 1135 238
64 1626 340
70 1939 730
62 1526 462
64 1610 659
70 1916 671
58 1330 532
67 1788 552
65 1693 593
65 1671 544
69 1865 568
68 1826 462
70 1937 332
54 1158 165
62 1522 457
66 1699 615
62 1512 477
57 1262 405
59 1373 392
70 1934 574
57 1278 448
54 1151 350
64 1608 474
56 1246 311
67 1763 533
51 1021 283
68 1783 267
51 1029 139
61 1430 220
53 1097 162
68 1866 236
60 1400 232
66 1674 235
