51 734 335
52 808 258
58 976 336
68 1343 363
56 916 213
55 897 267
60 1057 306
59 1002 282
66 1273 461
65 1273 547
60 1067 387
59 1036 316
53 845 390
57 974 478
69 1408 364
53 841 190
58 997 328
63 1149 376
51 764 212
53 808 336
55 902 238
54 864 219
64 1239 425
69 1386 380
67 1319 401
58 1002 300
58 983 169
53 866 213
68 1389 493
66 1283 468
53 832 382
53 818 290
61 1084 359
61 1092 303
61 1074 312
67 1311 392
54 896 385
70 1405 424
60 1033 379
51 763 309
65 1251 351
70 1456 339
66 1309 525
51 775 143
68 1357 399
57 969 294
61 1097 377
63 1184 364
60 1069 385
60 1107 526
63 1181 267
60 1075 269
55 879 194
66 1308 279
66 1280 298
65 1263 493
67 1312 488
56 944 315
51 774 297
63 1164 375
68 1378 480
52 784 278
56 935 264
63 1174 266
69 1432 291
67 1343 357
57 955 254
64 1179 353
56 924 282
67 1309 361
65 1253 322
52 784 247
51 766 395
54 861 277
65 1251 414
57 938 307
68 1406 297
66 1260 340
60 1047 298
63 1181 328
69 1449 400
59 1028 286
52 785 176
52 755 129
61 1074 237
62 1149 242
61 1091 553
55 901 191
67 1345 359
55 896 423
59 1051 295
52 797 258
67 1293 331
70 1466 373
61 1072 259
54 865 213
51 722 178
70 1447 431
64 1198 374
57 966 267
56 900 355
69 1423 324
58 965 316
63 1162 322
64 1219 416
55 873 258
59 1002 201
64 1209 409
57 930 443
64 1230 450
57 946 208
66 1273 317
65 1276 347
61 1109 354
53 866 239
62 1114 385
53 795 331
70 1433 545
70 1428 323
51 740 203
69 1412 465
67 1324 296
56 903 308
58 1009 281
62 1140 307
54 856 309
54 873 342
52 787 339
57 929 347
58 984 212
58 1002 343
52 784 229
69 1374 446
61 1049 289
60 1054 371
68 1372 358
55 890 350
55 929 229
62 1136 325
62 1142 298
52 803 201
70 1439 384
58 985 278
69 1421 363
68 1377 242
57 958 254
54 886 299
66 1273 356
65 1244 522
63 1171 282
66 1263 378
69 1412 486
59 1053 274
66 1261 272
68 1325 697
63 1178 590
62 1172 495
63 1136 338
68 1399 365
70 1432 401
64 1224 275
67 1331 407
68 1346 464
58 1000 356
51 765 241
59 1013 443
55 882 260
65 1253 283
64 1220 460
53 791 277
52 803 186
69 1431 432
55 900 363
64 1216 416
56 957 276
62 1133 421
54 859 248
61 1105 319
60 1087 257
62 1083 324
67 1340 263
53 836 208
70 1444 361
59 1046 289
70 1452 504
60 1091 355
56 909 410
64 1186 356
59 1027 254
57 967 370
65 1221 485
54 846 316
56 927 319
54 857 321
56 929 187
62 1123 183
65 1201 166
62 1142 156
51 761 122
59 1013 108
