58 796 307
59 867 322
60 908 400
53 693 360
61 919 320
62 950 445
63 982 462
67 1108 505
62 918 426
69 1194 532
58 846 264
64 1004 432
57 784 261
61 912 344
67 1064 534
67 1134 455
70 1205 403
62 956 450
59 850 416
60 908 405
60 865 240
51 625 135
64 1021 416
59 828 414
62 939 332
65 1031 428
64 991 430
54 709 335
70 1194 519
58 805 347
63 955 402
64 1024 529
60 916 385
60 865 233
70 1216 540
55 751 279
54 710 263
70 1200 599
70 1180 548
57 781 410
58 824 329
51 614 243
55 740 325
61 888 410
51 659 189
65 1023 292
64 1063 364
66 1050 552
65 1035 414
64 1002 425
53 694 291
52 679 187
65 1068 444
69 1197 398
59 869 335
58 839 235
58 827 319
57 846 210
52 692 253
68 1138 393
56 770 310
54 712 198
63 999 334
60 905 373
67 1131 387
70 1197 441
65 1033 405
54 736 280
69 1166 364
59 870 224
64 1013 494
52 659 176
66 1042 277
62 909 432
53 677 243
61 914 296
56 781 239
63 1006 341
69 1176 273
55 725 210
63 976 301
55 693 300
61 900 311
53 699 170
57 817 529
68 1152 502
62 960 437
59 881 206
65 1059 457
63 958 320
59 831 377
55 748 406
60 900 381
54 714 265
60 890 403
54 710 194
67 1086 264
67 1084 364
64 982 471
57 796 367
56 762 181
69 1211 339
69 1128 442
66 1069 408
62 904 387
61 913 393
62 920 476
66 1053 476
63 983 423
66 1114 272
51 657 192
66 1080 340
69 1157 537
63 984 345
55 766 295
66 1031 388
57 803 346
65 1000 433
52 669 327
66 1072 444
52 642 272
56 782 347
63 967 412
60 921 200
68 1113 225
67 1126 404
57 817 307
51 662 251
61 913 279
54 749 280
64 1020 341
56 774 321
57 784 304
68 1177 414
54 727 309
52 648 199
70 1182 531
51 634 110
67 1135 393
55 734 288
59 872 294
64 983 548
69 1168 423
68 1120 563
62 923 332
60 876 397
63 986 478
52 664 248
52 666 279
56 783 202
57 811 322
59 830 203
58 860 394
67 1131 353
69 1135 464
58 807 401
53 715 294
70 1183 525
68 1083 451
70 1208 596
53 684 338
53 692 324
70 1232 423
51 656 431
62 942 357
61 928 274
65 1047 274
61 948 290
52 650 224
61 925 284
58 844 297
57 798 322
53 669 259
53 687 290
53 682 238
56 779 306
51 641 199
66 1080 408
52 629 198
56 756 282
68 1095 446
65 1028 537
51 628 192
58 819 300
68 1139 412
56 748 196
56 781 321
51 643 215
66 1084 428
67 1077 502
68 1085 376
54 705 301
55 781 195
55 757 156
69 1194 264
68 1135 196
55 773 163
54 703 143
65 1029 229
59 878 176
