58 1142 385
64 1428 613
58 1162 436
58 1173 447
64 1393 487
61 1293 483
67 1539 453
65 1474 549
65 1474 557
60 1228 563
66 1527 584
69 1634 667
57 1107 476
60 1260 373
55 1034 265
52 926 219
69 1652 495
61 1264 333
64 1419 522
68 1591 512
61 1258 452
55 1017 380
60 1259 447
69 1630 449
57 1097 313
57 1129 464
68 1606 511
70 1669 432
56 1083 400
70 1702 306
58 1181 397
54 978 381
67 1598 538
51 906 261
60 1256 375
54 1016 185
53 989 259
59 1177 391
62 1312 298
70 1734 587
70 1682 474
66 1485 411
54 968 313
53 945 294
55 1047 362
52 930 208
55 1030 318
58 1169 367
67 1576 486
56 1103 309
68 1606 375
62 1328 398
65 1451 404
68 1616 404
55 1060 318
62 1329 558
63 1385 510
66 1489 604
70 1692 638
63 1374 446
54 1003 353
51 909 351
54 1004 281
51 874 379
67 1550 351
64 1445 393
66 1526 501
63 1371 311
60 1277 342
55 1051 413
66 1487 377
58 1166 381
64 1395 386
53 992 340
54 998 410
52 902 299
64 1386 425
69 1611 411
61 1267 239
69 1651 506
61 1270 278
55 1036 449
53 984 227
70 1661 493
67 1556 409
63 1382 540
63 1337 501
65 1439 503
65 1419 388
64 1425 465
59 1204 347
66 1513 438
69 1659 370
62 1351 285
52 944 219
59 1205 452
59 1210 328
66 1505 340
51 914 239
67 1539 497
67 1559 547
63 1354 477
54 1025 347
55 1032 477
69 1644 481
60 1235 376
62 1341 353
52 930 194
52 937 194
60 1245 322
66 1477 387
68 1599 540
57 1139 303
51 904 336
57 1137 292
61 1298 424
53 973 234
64 1391 411
62 1315 295
68 1600 354
68 1597 374
65 1495 447
65 1451 299
59 1186 419
61 1255 381
57 1087 330
65 1460 399
56 1057 342
51 905 247
51 887 242
59 1216 323
61 1247 405
61 1289 308
66 1497 515
69 1636 403
70 1709 529
67 1538 507
60 1227 402
63 1378 433
59 1182 434
67 1496 491
65 1455 435
53 965 261
53 941 265
62 1365 309
63 1352 258
59 1135 341
56 1098 424
52 908 262
54 998 352
56 1048 244
62 1320 466
70 1675 506
60 1242 407
69 1593 371
56 1043 398
59 1226 423
58 1184 345
56 1086 239
53 981 196
58 1124 393
56 1071 325
60 1243 315
55 1028 323
64 1437 532
70 1729 515
52 952 264
67 1537 471
53 985 238
63 1347 386
54 999 259
52 906 299
52 936 197
56 1081 219
55 1053 357
68 1595 521
56 1050 253
53 980 208
51 882 315
61 1298 380
65 1450 395
64 1418 352
59 1214 395
51 878 352
57 1103 404
58 1195 308
58 1135 217
62 1319 380
63 1373 488
57 1144 391
51 886 252
70 1694 528
62 1296 436
68 1563 456
69 1656 489
54 1011 308
66 1509 421
57 1122 438
57 1126 389
68 1606 439
