69 2122 184
60 1579 86
51 1155 47
63 1770 177
54 1262 46
65 1883 158
67 2015 154
54 1286 47
69 2116 187
68 2058 215
57 1437 104
51 1157 82
51 1144 50
53 1243 35
55 1354 30
68 2043 218
69 2121 186
66 1950 239
68 2062 196
55 1325 90
62 1726 120
64 1825 129
66 1933 222
51 1134 53
51 1150 29
66 1915 233
67 1973 319
70 2149 266
58 1486 143
64 1813 184
68 2064 188
63 1756 188
54 1282 46
61 1637 194
61 1636 72
67 1990 115
58 1486 49
60 1578 171
53 1250 38
62 1701 148
58 1525 92
65 1871 105
54 1288 44
63 1757 80
70 2184 139
54 1295 69
54 1285 66
55 1348 78
61 1658 66
59 1548 88
66 1934 83
61 1644 74
61 1636 157
64 1811 177
57 1442 83
63 1792 107
59 1556 48
52 1181 44
65 1875 136
60 1589 73
52 1205 39
58 1488 79
57 1427 71
61 1656 114
64 1831 75
52 1195 73
70 2175 276
57 1447 56
58 1480 57
53 1214 85
59 1537 103
67 1985 174
51 1153 50
56 1371 46
70 2163 308
62 1692 124
66 1909 202
54 1290 27
64 1833 91
59 1531 171
63 1759 114
52 1193 82
68 2048 202
69 2118 204
63 1752 113
67 1990 175
51 1150 70
63 1755 116
59 1514 126
56 1388 97
65 1858 210
67 1973 233
70 2155 352
53 1238 60
54 1259 146
57 1420 183
70 2152 371
66 1939 148
62 1709 96
59 1541 103
54 1273 38
52 1200 99
61 1662 126
65 1854 171
57 1414 95
55 1331 57
53 1261 63
57 1444 47
60 1606 61
59 1555 77
65 1878 116
60 1607 119
68 2032 247
58 1478 117
70 2162 232
60 1598 59
58 1490 128
65 1856 249
66 1943 231
55 1344 59
52 1204 79
63 1757 99
62 1691 151
69 2126 192
63 1768 73
58 1504 46
53 1252 24
56 1374 59
70 2176 201
53 1249 10
51 1155 19
69 2126 234
58 1502 91
63 1742 126
61 1654 104
67 1978 143
65 1889 145
57 1433 127
55 1342 35
55 1336 99
60 1588 56
69 2125 122
66 1940 110
56 1397 62
52 1197 43
62 1697 140
59 1543 72
68 2053 205
57 1435 46
59 1553 73
67 1995 128
56 1404 23
51 1147 39
58 1468 91
53 1258 20
62 1703 148
69 2126 225
66 1935 108
70 2158 362
55 1334 86
54 1267 41
52 1174 82
57 1452 50
61 1662 102
51 1146 10
64 1795 334
52 1174 64
67 2004 106
69 2081 284
55 1322 43
62 1728 49
53 1247 70
62 1698 151
66 1935 97
68 2051 176
64 1814 186
69 2128 214
62 1696 80
67 1975 191
60 1584 70
68 2052 129
60 1613 79
64 1798 148
65 1875 305
60 1583 200
56 1412 45
52 1202 36
64 1786 214
56 1387 26
68 2075 120
65 1888 121
55 1329 74
56 1385 93
61 1639 110
64 1779 134
70 2204 82
56 1384 26
53 1222 41
56 1380 28
59 1559 26
