70 966 746
68 890 414
51 501 122
66 850 736
65 845 574
58 644 321
69 945 745
63 732 669
61 742 446
61 721 491
57 596 407
57 623 586
67 882 630
57 615 519
53 580 176
54 609 109
59 670 296
60 700 375
58 659 240
65 831 529
56 606 204
59 677 314
53 548 262
61 720 293
53 557 347
56 646 203
53 554 174
62 767 291
64 796 297
64 848 428
58 681 263
67 885 225
56 671 288
68 930 417
53 566 275
53 551 284
59 692 341
63 786 311
62 732 508
57 616 209
51 491 219
55 593 266
70 988 332
68 912 421
54 586 165
56 605 282
69 948 477
53 582 113
63 781 233
59 699 236
62 796 375
51 522 215
57 637 282
58 677 392
61 745 284
58 638 250
65 797 389
69 900 815
55 558 184
68 925 365
61 772 265
59 716 359
51 497 270
66 876 480
65 791 319
65 880 466
57 652 279
64 788 323
59 643 359
55 582 278
67 873 339
60 751 311
55 579 175
60 711 348
56 619 292
61 746 246
53 545 263
58 628 280
54 583 324
66 871 380
52 540 208
69 931 499
62 791 314
61 740 334
52 543 238
51 533 163
60 687 271
60 686 257
55 572 210
69 915 479
56 580 235
70 994 529
54 587 220
51 534 163
65 803 356
60 671 360
60 690 270
64 811 170
52 548 261
67 881 266
63 813 264
55 600 337
62 785 347
68 862 597
67 862 442
54 591 326
63 761 371
68 913 421
70 962 665
64 801 471
53 557 280
51 526 219
64 778 550
67 881 413
54 598 211
55 615 182
65 834 342
61 725 249
59 682 282
63 759 516
67 905 564
66 868 323
64 774 575
68 883 591
58 639 302
59 685 236
66 856 441
66 885 303
70 927 623
69 908 588
54 596 215
51 496 174
58 688 264
70 979 549
51 535 157
70 935 463
52 541 236
67 883 380
67 891 498
56 632 303
62 787 372
56 612 205
54 597 226
62 731 301
52 552 174
63 788 298
66 858 355
55 581 246
58 685 389
58 640 353
66 878 436
55 576 218
57 636 285
53 510 173
66 850 518
63 804 255
56 620 325
52 509 159
66 873 353
60 687 266
69 917 535
64 778 525
67 945 518
64 793 287
63 743 380
59 696 267
57 648 333
51 483 229
70 965 475
68 932 471
52 548 264
54 569 168
63 757 436
65 814 304
62 766 369
68 903 671
59 677 239
61 715 258
54 588 288
65 820 481
57 622 283
55 573 223
62 729 244
70 975 320
65 836 340
52 534 176
64 825 488
69 908 557
70 932 654
69 928 566
68 917 449
52 554 169
62 750 259
60 726 436
57 647 225
52 553 121
61 741 136
69 958 226
60 702 145
56 620 97
