5 0
5 0
5 0
5 0
5 0
5 0
5 0
5 0
5 0
5 1
10 3
10 4
10 3
10 7
10 3
10 7
10 4
10 3
10 5
10 12
15 8
15 13
15 14
15 11
15 10
15 8
15 18
15 11
15 10
15 14
20 26
20 26
20 23
20 25
20 27
20 28
20 20
20 22
20 36
20 26
25 52
25 38
25 38
25 44
25 40
25 49
25 59
25 46
25 39
25 73
30 83
30 85
30 71
30 67
30 65
30 80
30 74
30 68
30 90
30 63
35 101
35 98
35 102
35 101
35 95
35 114
35 134
35 110
35 114
35 90
40 245
40 134
40 134
40 139
40 133
40 130
40 138
40 422
40 343
40 150
45 209
45 170
45 269
45 222
45 235
45 187
45 177
45 212
45 230
45 1333
50 250
50 378
50 1249
50 278
50 1422
50 260
50 872
50 236
50 242
50 281
55 314
55 334
55 303
55 399
55 1065
55 399
55 326
55 475
55 332
55 1722
60 394
60 3561
60 8509
60 388
60 571
60 555
60 398
60 12558
60 412
60 770
65 781
65 1122
65 1053
65 638
65 640
65 482
65 1176
65 44290
70 1235
70 22073
70 1216
70 605
70 643
70 10712
70 3823
75 696
75 992
75 652
80 20458
