5 0
5 0
5 0
5 0
5 0
5 0
5 0
5 0
5 0
5 0
10 1
10 1
10 1
10 3
10 1
10 1
10 1
10 1
10 1
10 1
15 3
15 4
15 4
15 3
15 8
15 7
15 3
15 3
15 4
15 4
20 18
20 17
20 18
20 23
20 25
20 13
20 20
20 23
20 13
20 20
25 34
25 15
25 25
25 16
25 35
25 17
25 17
25 30
25 22
25 18
30 33
30 56
30 49
30 32
30 46
30 48
30 36
30 38
30 31
30 32
35 57
35 40
35 41
35 48
35 40
35 42
35 54
35 51
35 47
35 41
40 68
40 58
40 65
40 74
40 72
40 63
40 65
40 82
40 60
40 59
45 28614
45 28492
45 28479
45 28506
45 28216
45 28547
45 28635
45 28432
45 28451
45 28287
50 8049
50 8122
50 8324
50 8067
50 8798
50 8919
50 8811
50 8895
50 8753
50 8759
55 525
55 552
55 544
55 518
55 523
55 509
55 533
55 539
55 531
55 531
60 290
60 280
60 286
60 288
60 283
60 279
60 281
60 279
60 280
60 277
65 53881
65 54445
65 53931
65 54333
65 53467
65 53547
65 53485
65 53625
65 53980
65 53928
70 1429
70 1428
70 1444
70 1441
70 1365
70 1389
70 1384
70 1389
70 1568
70 1517
