74 2432 3753
99 4410 11867
96 4087 10000
90 3619 7914
84 3125 5827
88 3461 7401
96 4083 9906
88 3424 6955
100 4451 11606
91 3698 8076
74 2421 3597
90 3616 7742
85 3215 6058
97 4170 10450
98 4310 11162
80 2838 5015
71 2239 3145
91 3714 8426
91 3678 8169
87 3408 7208
71 2249 3085
94 3900 8952
71 2234 3093
91 3681 8111
71 2243 3078
76 2535 3938
96 4088 10119
93 3821 8626
87 3352 7012
91 3702 8346
94 3936 9412
83 3058 5771
80 2854 5149
85 3220 6168
92 3805 8735
72 2320 3273
72 2319 3309
89 3528 7302
74 2424 3644
95 4016 9709
93 3820 8738
83 3048 5672
77 2616 4079
88 3445 7181
88 3447 7083
77 2647 4346
84 3121 5908
96 4116 10214
89 3509 7373
85 3253 6474
100 4434 11800
93 3861 9150
86 3279 6464
82 2960 5378
95 4004 9569
74 2465 3883
89 3524 7606
100 4465 12043
79 2759 4781
85 3217 6158
96 4116 10200
81 2919 5181
72 2273 3262
76 2567 4138
82 2985 5503
79 2780 4860
92 3748 8648
97 4210 11554
90 3583 7922
87 3353 7147
84 3113 6172
73 2385 3549
96 4099 11098
95 4033 10677
71 2227 3098
98 4298 12319
85 3203 7046
81 2916 5802
78 2691 5164
99 4385 12872
72 2308 3941
81 2926 6042
99 4364 12220
75 2512 4607
94 3905 10028
83 3093 7025
94 3907 9778
91 3710 8862
94 3967 10006
75 2484 4321
82 2989 5968
98 4243 11028
74 2439 3915
86 3261 6560
79 2762 4965
75 2518 3937
98 4271 11402
81 2933 5231
93 3861 9734
84 3130 6172
79 2746 4638
77 2643 4358
75 2464 3734
90 3624 8582
77 2629 4380
86 3272 7045
76 2568 4113
90 3603 8561
75 2475 3947
100 4462 12806
78 2685 4990
77 2646 4796
86 3273 7188
72 2310 3763
85 3216 7062
79 2775 5388
100 4450 12409
99 4381 12374
96 4106 10245
75 2492 4216
94 3954 9651
100 4426 11852
97 4166 10384
78 2710 4630
84 3132 6087
98 4307 11244
73 2353 3459
83 3079 5852
76 2564 3949
89 3545 7693
83 3050 5485
90 3622 8063
73 2373 3493
80 2852 4970
99 4339 11010
92 3740 8299
78 2689 4390
92 3782 8375
97 4211 10541
79 2770 4578
99 4358 11134
71 2253 3161
100 4444 11504
94 3910 9226
71 2248 3096
92 3765 8561
83 3086 5919
86 3258 6330
82 2978 5455
82 2975 5399
88 3452 7305
93 3852 8885
75 2501 3913
75 2526 3991
73 2345 3433
79 2771 4637
93 3847 8794
92 3782 8541
72 2289 3173
72 2291 3201
72 2294 3360
89 3508 7297
76 2570 4049
82 2978 5042
74 2422 3588
85 3209 6116
88 3449 7255
96 4090 10029
93 3818 8566
97 4217 10561
93 3849 8740
80 2859 4958
89 3506 7349
96 4080 9804
83 3100 5882
99 4363 11250
73 2371 3505
79 2775 4710
99 4366 11241
76 2550 3965
84 3141 5944
85 3214 6253
76 2583 4171
87 3368 6873
77 2634 4271
93 3834 8931
89 3523 7477
89 3507 7429
80 2834 4940
95 4010 9675
78 2708 4515
83 3047 5636
73 2356 3402
84 3158 5975
77 2647 4278
72 2299 3255
95 4009 9519
83 3085 5779
90 3620 7862
92 3764 8376
90 3551 7504
76 2547 3908
86 3298 6537
91 3713 8233
80 2864 4925
94 3899 8956
85 3224 6228
93 3912 9428
79 2756 4446
100 4449 11737
78 2700 4389
87 3389 7012
95 3995 9457
71 2250 3186
72 2286 3311
88 3448 7125
71 2222 3057
97 4220 10652
91 3687 8027
94 3965 9611
73 2370 3516
92 3782 8570
100 4479 12130
91 3685 8271
95 4036 9829
92 3782 8366
87 3374 6718
78 2700 4451
71 2268 3224
87 3343 6565
97 4204 10827
98 4310 11045
74 2441 3668
98 4254 10718
74 2423 3608
82 2971 5370
88 3433 7114
87 3395 7135
75 2516 3892
78 2679 4437
87 3393 7156
99 4391 11741
85 3225 6288
78 2708 4518
84 3110 5682
98 4270 10809
81 2909 5248
81 2939 5323
83 3050 5721
100 4412 11390
80 2829 4782
84 3117 5952
99 4323 10940
87 3365 6753
79 2778 4648
86 3310 6602
86 3302 6622
80 2883 5061
98 4226 10424
75 2498 3756
77 2614 4184
95 3966 9456
86 3301 6582
90 3616 7696
86 3296 6430
96 4114 9921
95 3995 9656
76 2580 4080
76 2549 3882
82 2976 5295
95 4001 9571
81 2907 5042
81 2871 4871
90 3611 7823
74 2448 3760
98 4283 11153
80 2841 5033
89 3534 7430
91 3697 8363
74 2434 3626
97 4207 10641
89 3546 7588
77 2619 4012
88 3461 7462
73 2368 3480
84 3138 6187
97 4164 9391
78 2693 4369
81 2925 5417
94 3944 8774
73 2371 3502
81 2920 5200
82 2973 5160
97 4176 7448
88 3456 5603
92 3779 6043
73 2367 3430
82 2987 4598
80 2846 3793
77 2645 3458
