75 1375 8146
94 2152 31493
93 2131 29873
73 1297 7919
81 1622 14304
79 1596 10694
86 1839 18622
94 2161 36694
85 1837 15979
77 1424 13144
76 1377 12431
87 1843 24349
71 1256 5466
96 2226 38687
88 1960 18022
82 1672 12656
81 1671 11937
73 1303 7080
71 1194 7951
79 1522 14399
94 2200 30976
97 2356 33783
97 2319 36623
78 1504 9649
95 2240 36646
99 2410 41270
71 1229 6653
95 2289 26670
84 1794 14158
90 1985 23045
73 1353 6130
95 2215 37977
91 2063 25986
78 1450 12744
73 1308 8321
73 1352 5766
90 1976 26092
77 1476 7947
93 2181 23011
84 1729 17736
97 2309 35346
76 1411 8926
96 2319 28860
83 1710 15335
75 1356 8600
75 1398 7490
76 1428 8850
83 1707 13010
90 2029 21996
96 2242 37194
74 1306 9234
79 1574 9576
74 1318 10219
86 1847 19124
99 2396 46544
71 1228 6931
96 2285 35215
72 1277 6994
100 2503 45243
84 1826 10728
80 1575 11383
81 1628 11009
90 2023 22183
86 1857 17042
79 1501 14060
73 1332 6773
91 2011 31057
97 2261 49372
87 1825 24910
71 1218 6555
95 2226 34318
95 2309 27721
91 2046 23768
88 1950 19372
82 1674 13637
93 2119 30698
77 1472 10818
88 1929 22550
72 1278 6742
91 2060 26059
94 2171 34211
99 2433 40039
73 1293 6855
99 2479 39166
89 1991 19976
76 1401 8916
71 1237 6262
82 1687 12749
78 1471 11934
91 2066 25094
83 1670 17127
94 2186 30131
100 2475 43238
89 2009 20845
92 2107 25314
80 1601 10342
85 1809 15688
88 1927 21717
78 1522 10478
78 1532 9662
93 2109 31331
86 1854 15714
96 2293 34304
83 1684 13744
83 1688 15216
94 2178 31855
83 1654 17316
92 2070 27123
99 2453 38974
71 1242 7217
90 2009 21997
76 1393 8952
75 1395 7734
97 2343 34977
86 1783 20645
80 1605 11159
98 2362 39754
87 1887 19585
84 1760 15758
90 1973 30713
72 1254 7369
93 2105 34211
91 2029 23714
100 2468 46076
92 2118 24934
76 1415 9386
72 1254 6774
79 1550 9485
98 2361 45449
79 1585 8530
87 1882 18454
72 1261 7144
78 1471 11503
83 1687 15368
75 1399 7091
86 1844 16215
83 1624 21353
80 1595 13967
90 1988 23801
90 1965 28788
100 2473 41221
88 1902 19708
84 1762 14715
97 2332 33278
81 1616 12869
98 2425 36538
76 1442 9421
90 1981 23876
76 1434 8276
94 2207 27565
83 1695 14985
93 2164 25044
88 1894 20037
95 2212 32497
88 1891 21292
98 2366 36875
77 1493 7520
84 1753 12390
74 1330 7491
95 2292 23602
74 1403 5206
73 1309 6226
82 1691 14973
92 2031 30042
92 2065 28651
80 1562 12064
92 2044 27895
86 1839 15228
94 2248 27476
75 1370 7839
98 2377 33568
81 1629 14155
72 1328 4677
99 2470 33427
100 2415 48376
72 1251 7351
81 1607 11545
85 1759 19488
82 1711 8855
92 2061 27300
78 1523 9095
72 1275 6108
77 1491 7677
87 1959 12639
77 1455 10332
93 2175 23674
88 1891 22097
96 2246 37755
89 1945 23557
91 2096 22854
81 1597 14486
77 1474 9504
88 1867 24941
81 1664 11885
75 1425 7455
89 1985 21348
96 2266 40038
100 2423 59087
79 1579 9457
97 2362 37685
96 2294 38700
85 1737 22505
98 2388 38006
95 2242 42448
92 2147 27773
74 1378 9354
84 1734 21133
89 1971 22355
71 1222 6514
85 1723 23677
91 2050 24282
74 1296 9539
93 2098 35388
91 2049 30808
76 1397 9250
87 1860 21609
83 1695 15699
89 1941 28421
90 1969 28244
94 2203 31139
79 1518 14784
85 1772 22641
95 2209 37210
74 1373 7430
93 2132 31817
71 1249 6936
78 1535 12073
81 1641 12465
78 1470 13994
92 2127 27475
85 1782 20286
84 1725 18251
80 1603 11088
85 1727 21844
96 2239 49119
81 1623 14429
72 1309 7928
87 1914 19837
87 1826 25292
87 1837 24866
86 1814 27264
73 1270 11461
84 1765 18793
77 1471 11264
86 1858 18572
97 2337 42697
96 2223 54398
82 1701 12970
73 1339 7477
91 2031 33793
82 1621 18369
97 2323 48920
95 2226 41759
82 1643 19021
84 1779 18490
85 1796 20347
89 1963 29412
74 1322 10088
98 2354 58226
85 1833 18772
71 1238 6460
77 1513 10069
94 2219 31869
76 1442 10546
98 2394 44244
99 2505 44104
100 2514 46968
79 1552 13111
80 1607 12872
98 2364 44478
82 1640 20567
93 2157 35293
72 1313 6867
82 1641 20802
74 1354 9888
75 1396 9576
89 2004 24324
80 1599 12223
99 2406 49179
77 1437 11893
89 2002 22192
79 1493 17411
92 2146 29877
100 2520 39264
99 2426 40184
75 1399 10191
80 1563 14799
89 1989 25207
100 2555 34696
100 2465 40625
88 1909 23894
87 1865 24024
80 1563 12931
97 2324 33655
98 2338 34519
78 1498 12080
75 1362 10143
86 1841 14421
74 1374 6660
