80 2211 2630
95 3127 6124
77 2056 2298
76 1945 2434
83 2366 3331
92 2967 5129
71 1763 1729
84 2413 3556
78 2110 2484
90 2805 4800
96 3219 6324
85 2518 3834
75 1933 2195
77 2058 2382
82 2292 3108
83 2369 3439
75 1910 2150
72 1773 1801
96 3193 6010
82 2311 3216
93 3012 5523
73 1830 1906
97 3224 6701
100 3469 7442
76 1988 2368
73 1854 1951
92 2892 5264
97 3270 6479
73 1783 2224
79 2147 2922
78 2091 2518
85 2505 3697
82 2357 3223
85 2510 3660
90 2788 4923
89 2720 4852
73 1845 2000
99 3390 7160
97 3250 6676
82 2306 3298
87 2601 4030
75 1930 2275
79 2159 2964
100 3461 7621
93 2973 5349
80 2203 2949
85 2510 3520
92 2941 5159
71 1718 1803
81 2267 3042
74 1852 2063
84 2406 3604
83 2359 3367
87 2623 3890
90 2786 4682
89 2761 3997
92 2935 4827
79 2133 2854
91 2893 4808
95 3138 6032
99 3378 6762
89 2719 4453
74 1903 2090
96 3161 6100
71 1770 1716
93 2986 5702
82 2288 3207
79 2160 2667
88 2625 4707
91 2818 4856
93 2980 5497
94 3028 5989
73 1817 1870
88 2677 4285
71 1759 2005
85 2482 3927
84 2447 3567
98 3312 6794
78 2114 2601
72 1808 1836
76 2001 2281
92 2942 5091
76 2010 2329
91 2867 4990
96 3187 6272
89 2748 4678
96 3217 6742
98 3327 7193
76 2017 2350
90 2819 4699
96 3168 6333
99 3414 7604
77 2014 2562
89 2765 4919
87 2578 4460
95 3097 6220
77 2026 2588
97 3235 6609
100 3444 7665
73 1857 1916
97 3296 6535
91 2792 5254
76 2012 2203
93 2966 5305
100 3530 6983
84 2461 3416
72 1787 1883
79 2172 2619
82 2353 3215
77 2049 2390
96 3197 6473
86 2568 3638
94 3099 5880
99 3461 6873
98 3311 7064
78 2132 2475
92 2892 5215
79 2137 2751
81 2287 3119
93 3004 5358
80 2193 3038
80 2170 2863
96 3204 6345
71 1764 1770
98 3303 7037
100 3450 7103
84 2453 3355
73 1851 1775
86 2576 3873
78 2096 2533
95 3122 6214
91 2836 5216
84 2414 3638
98 3313 7157
75 1930 2249
80 2183 2989
72 1803 1856
78 2141 2625
99 3376 6884
73 1838 2104
72 1773 1872
92 2897 5499
94 3086 5693
86 2553 3733
77 2085 2531
74 1907 2024
83 2358 3467
85 2458 3712
83 2404 3124
75 1926 2225
85 2500 3711
86 2532 4018
92 2890 5425
100 3523 7133
100 3428 7622
94 3073 5421
92 2916 5015
97 3229 6803
87 2598 4126
71 1734 1810
92 2951 4944
86 2539 3873
79 2194 2688
81 2234 3136
76 1983 2194
73 1819 2013
74 1888 2155
82 2313 3136
95 3133 6115
82 2336 3269
81 2265 3179
83 2350 3219
87 2622 4083
72 1808 1844
83 2315 3609
71 1745 1779
98 3350 6928
76 2024 2141
81 2261 3186
91 2883 5128
98 3292 6646
80 2235 2797
89 2703 4742
88 2679 4275
77 2070 2349
97 3235 6562
100 3433 7632
74 1900 2054
99 3391 7184
95 3157 5896
86 2553 3964
89 2757 4709
88 2672 4626
71 1731 1712
78 2072 2680
76 1987 2485
98 3294 7023
75 1919 2146
98 3324 6887
72 1833 1779
90 2793 4829
76 1942 2247
80 2192 2999
90 2801 4863
91 2814 5292
81 2277 3004
99 3403 7265
74 1883 2104
87 2636 4074
81 2315 2836
79 2155 2920
74 1927 2069
84 2438 3411
86 2550 3822
99 3417 7288
81 2288 2966
78 2122 2419
88 2634 4628
100 3511 7305
78 2101 2522
72 1781 1781
95 3146 6085
81 2283 3042
95 3121 5762
90 2819 4683
94 3011 6044
88 2665 4596
91 2850 4899
72 1807 1827
90 2803 4835
93 3078 5232
97 3288 6468
96 3227 6080
71 1738 1723
87 2614 4279
77 2055 2458
79 2155 2764
88 2707 4166
94 3094 5860
80 2224 2934
74 1838 2128
73 1883 1987
83 2370 3365
77 2095 2422
81 2281 3122
99 3394 7045
94 3068 5753
98 3327 6899
87 2591 4194
77 2009 2394
75 1949 2126
86 2545 3831
93 2973 5233
78 2105 2542
82 2322 3202
89 2743 4671
90 2766 4691
87 2630 4177
80 2202 2815
82 2309 3212
85 2507 3723
95 3105 5947
88 2656 4305
80 2226 2798
84 2447 3834
97 3262 6194
84 2420 3341
99 3414 7153
75 1936 2107
84 2431 3715
85 2525 3519
91 2852 4589
100 3438 7233
86 2551 3803
72 1805 1844
75 1906 2075
94 3001 5594
96 3201 6507
93 2939 5520
83 2401 3280
89 2753 4379
90 2798 4857
85 2493 3665
93 2991 5349
88 2726 4161
89 2708 4526
79 2140 2806
86 2524 4127
83 2398 3339
94 3059 4498
88 2697 3506
75 1937 2157
95 3105 3990
94 3029 3936
87 2610 3062
74 1893 1824
71 1716 1719
97 3197 3844
74 1906 1484
91 2909 2858
