76 1149 30575
81 1317 40483
81 1284 48108
72 1012 23194
75 1122 27633
74 1101 23896
74 1014 34965
73 1035 25073
73 1033 26911
74 1083 23243
74 1120 22976
71 1038 14623
71 1022 15599
73 1074 18406
81 1309 44112
78 1238 33355
81 1311 41809
73 1058 21947
72 1040 17091
72 1041 22907
75 1095 28144
80 1253 57468
77 1183 27732
76 1127 36965
78 1232 33913
78 1208 31963
88 1578 58609
71 976 21052
71 957 24915
84 1429 49606
71 1015 16164
80 1263 43447
78 1185 38640
83 1390 39765
75 1143 21647
84 1427 53860
76 1095 34692
73 1052 24062
82 1327 52204
71 934 32914
76 1194 24093
77 1171 34009
79 1218 48646
77 1184 31846
85 1460 54442
71 967 19996
79 1239 35815
79 1201 54194
73 1032 29718
76 1144 26861
83 1367 51597
83 1355 59653
75 1117 30684
77 1179 36228
78 1190 47636
80 1254 43430
75 1078 37637
80 1317 37086
76 1126 37646
79 1238 41622
74 1107 19050
79 1235 38931
85 1475 54103
74 1096 26371
81 1316 53977
80 1246 53200
72 1003 26108
83 1369 42258
75 1106 27369
78 1187 40311
73 1055 18346
72 1035 25810
78 1198 33795
75 1123 34515
75 1112 28064
79 1234 44343
71 1049 13528
75 1042 40784
73 1070 24267
77 1184 27513
84 1405 51962
71 969 24996
81 1263 59648
76 1132 31028
74 1068 29157
80 1265 41510
82 1356 46371
77 1183 32713
77 1159 37484
79 1229 38802
72 988 25087
78 1198 41756
72 972 28455
73 1047 24050
74 1110 22263
77 1138 49637
84 1454 45629
72 1052 19372
81 1310 47071
77 1168 34219
80 1264 42965
78 1254 35660
80 1261 40345
74 1094 26375
79 1205 51110
82 1338 50282
73 1031 36324
76 1155 28793
82 1364 38581
82 1374 40751
79 1220 52045
77 1151 42559
74 1095 28768
72 954 30367
76 1163 29637
78 1232 36295
81 1286 50279
71 1009 18533
76 1147 30864
84 1402 49487
75 1084 29842
85 1437 49739
72 1024 20438
80 1329 29277
89 1572 58601
80 1254 39029
