88 3039 4209
99 3886 6851
72 2036 1924
100 4009 7097
99 3920 6916
72 2056 1959
90 3189 4450
76 2246 2307
95 3589 5885
73 2087 2080
79 2487 2867
82 2685 3357
88 3075 4397
96 3660 5977
85 2792 3658
85 2848 3593
74 2134 2130
98 3822 6450
86 2915 3798
92 3318 4922
72 1999 1887
85 2863 3681
83 2714 3311
98 3780 6245
84 2793 3531
91 3289 4903
84 2761 3559
92 3338 5131
90 3161 4411
82 2632 3270
90 3201 4586
94 3500 5474
96 3688 6143
83 2726 3361
78 2416 2631
95 3606 5881
89 3139 4456
78 2396 2634
97 3719 6276
80 2533 2970
75 2218 2341
92 3369 5287
100 3960 7290
83 2725 3374
99 3867 6942
79 2469 2786
81 2625 3132
90 3190 4600
90 3215 4587
81 2615 3242
97 3706 6125
84 2795 3570
86 2904 4028
79 2475 2804
93 3419 5386
90 3202 4573
77 2311 2461
77 2342 2542
82 2627 3086
96 3655 5979
81 2569 3054
87 3015 4024
74 2168 2166
75 2209 2141
94 3466 5520
75 2259 2318
89 3097 4222
93 3425 5393
72 2082 1901
99 3826 6542
72 2066 1923
85 2863 3746
98 3840 6606
93 3408 5263
93 3469 5476
93 3426 5255
100 3946 6993
87 2997 4014
92 3355 5124
99 3911 6725
77 2311 2491
84 2731 3478
71 1997 1813
100 3929 7058
85 2877 3708
88 3014 4057
96 3639 5806
81 2617 3220
92 3378 5169
90 3196 4770
93 3439 5120
94 3511 5913
77 2363 2573
72 2070 2002
100 3913 7205
92 3356 5180
71 1965 1787
78 2421 2641
79 2427 2745
97 3718 6567
87 2982 4234
93 3442 5501
78 2419 2802
73 2085 1991
97 3696 6318
73 2113 2182
80 2550 3066
94 3490 5659
80 2537 3175
81 2618 3197
80 2504 2947
91 3327 5053
92 3363 5256
96 3615 6065
81 2567 3124
83 2758 3687
95 3573 6303
88 3028 4410
91 3257 4992
75 2229 2328
91 3311 5168
99 3866 6886
79 2481 2940
99 3897 7034
82 2658 3304
79 2450 2890
86 2924 4025
94 3496 5815
76 2298 2611
72 2056 2016
86 2902 4156
77 2351 2752
89 3118 4687
78 2401 2855
96 3599 6462
87 2986 4224
87 2994 4337
90 3227 4953
73 2097 2172
79 2483 2931
82 2664 3567
74 2159 2337
89 3156 4675
71 1967 1902
74 2154 2277
79 2451 2940
97 3721 6656
86 2931 4153
98 3813 7227
98 3815 6946
98 3787 7095
96 3652 6732
73 2118 2163
82 2645 3451
77 2292 2594
75 2217 2445
88 3029 4663
100 4006 7789
78 2387 2825
92 3356 5819
89 3131 4823
74 2190 2495
80 2514 3211
71 2006 2053
92 3351 5736
77 2322 2786
74 2168 2365
75 2221 2506
83 2696 3851
95 3576 6677
75 2210 2541
76 2278 2742
100 3973 8047
98 3861 7554
78 2433 3061
74 2194 2506
97 3738 7129
81 2559 3217
89 3153 4965
77 2363 2874
85 2841 4297
80 2532 3261
87 3003 4517
81 2595 3637
84 2738 3991
79 2470 3304
74 2146 2427
83 2702 3906
93 3423 6460
86 2903 4577
84 2777 4166
77 2335 2827
71 1980 2065
95 3542 6836
82 2622 3826
84 2797 4185
88 3040 5145
85 2848 4306
76 2345 2985
82 2667 3932
73 2112 2567
93 3407 6674
88 3072 5255
100 3947 9162
85 2838 4864
94 3524 7226
79 2491 3723
87 3020 5364
95 3538 7379
73 2108 2651
75 2224 2898
98 3839 8367
76 2283 3231
91 3270 6192
76 2261 3052
98 3742 8121
74 2147 2719
73 2096 2592
91 3276 6067
90 3194 6141
91 3273 6210
83 2737 4257
98 3803 8182
71 1977 2251
89 3121 5572
74 2142 2638
90 3212 5945
89 3118 5615
93 3392 6630
100 3948 8719
71 1984 2305
96 3646 7534
97 3712 8028
71 1997 2315
83 2765 4522
76 2294 3066
95 3571 7543
86 2927 5059
88 3071 5462
80 2534 3848
76 2294 2991
76 2277 3037
92 3370 6776
73 2113 2661
72 2023 2496
85 2847 4782
81 2593 4066
88 3023 5538
83 2695 4478
97 3767 8321
86 2962 5351
78 2378 3378
91 3260 6368
78 2421 3613
73 2112 2679
87 2936 5287
95 3587 7525
99 3875 8958
76 2268 3123
82 2649 4175
94 3486 7028
89 3114 5932
86 2948 5167
88 3089 5408
97 3759 8179
75 2183 2796
89 3138 5744
80 2526 3827
81 2590 3884
96 3657 7815
95 3571 7612
99 3918 8472
94 3481 7213
75 2211 2898
82 2646 3977
91 3245 6292
84 2801 4520
96 3656 7838
72 2033 2556
94 3492 7088
77 2349 3306
99 3836 8405
84 2782 4606
91 3252 6167
85 2822 4682
84 2799 4664
71 2012 2445
83 2675 4207
80 2487 3900
78 2372 3305
80 2504 3465
100 3965 6215
95 3530 5523
72 2031 2476
86 2942 3945
94 3493 4495
97 3701 4568
71 1965 2091
87 3040 3678
87 2976 3289
