81 1934 5721
86 2203 8770
90 2382 9871
74 1605 4068
97 2786 14702
73 1566 3659
84 2040 7263
92 2486 11701
73 1577 3428
73 1535 3788
81 1996 5429
92 2483 11669
99 2885 17905
75 1668 4034
80 1893 5780
77 1762 4533
71 1519 3052
78 1802 5082
82 1988 7365
93 2563 12159
90 2334 12254
81 1952 6289
76 1688 4920
86 2218 8511
74 1621 4683
78 1790 5704
76 1631 5596
94 2661 12364
85 2169 7190
81 1909 6304
90 2426 9861
78 1794 5271
88 2268 9652
97 2786 15354
87 2249 8547
90 2388 11659
79 1864 5663
86 2206 8642
77 1769 4596
97 2762 16518
73 1574 4006
83 2043 6852
93 2570 11501
95 2664 12920
83 2045 7121
87 2226 8711
72 1555 3448
99 2952 15803
89 2349 9356
79 1902 4787
88 2320 9137
80 1946 5218
98 2770 18420
94 2630 14594
92 2506 12542
80 1911 5546
92 2473 11733
72 1524 3490
77 1734 5560
81 1911 7318
98 2861 18033
86 2189 9091
74 1620 4140
82 1949 9735
80 1831 7175
77 1760 5672
93 2559 14367
91 2450 11325
95 2618 17298
90 2421 10923
95 2669 15565
100 2978 18347
83 2075 6227
98 2770 17164
100 2959 16691
94 2621 14393
100 2986 16914
94 2597 13620
87 2230 9158
81 2019 5122
72 1502 3701
91 2492 10226
100 2952 16573
72 1541 3188
88 2336 8184
75 1700 4209
93 2488 12853
81 1988 4762
82 1987 6709
80 1931 5825
79 1844 5331
98 2882 14369
96 2738 13584
99 2901 16531
75 1658 3857
75 1661 3971
98 2833 15447
78 1850 4447
87 2293 7727
84 2111 6859
82 1966 6470
88 2293 9155
93 2522 12554
76 1702 4842
88 2283 8895
73 1593 3698
89 2347 8308
94 2607 11785
84 2173 6014
87 2252 7943
80 1857 6359
89 2345 8663
81 1909 6079
77 1739 3944
82 2001 5955
71 1493 2957
98 2874 14832
99 2883 16408
100 2957 17189
97 2757 16473
97 2790 16156
84 2074 7087
90 2374 10261
90 2421 10456
94 2579 12783
84 2138 6185
100 2998 16415
89 2331 10664
89 2356 9613
95 2671 14988
96 2767 15185
87 2230 9106
86 2169 8504
71 1485 3056
100 2944 16659
77 1715 5437
76 1681 5166
98 2825 14517
92 2495 10696
84 2078 7339
83 2022 6655
74 1622 4324
77 1775 4254
80 1903 5371
94 2618 11302
74 1634 3496
84 2098 7657
94 2591 11984
100 2908 18501
99 2956 15118
95 2672 12211
77 1755 4485
91 2486 8799
75 1659 4187
81 1951 5538
91 2430 9640
97 2821 12632
81 1953 5167
92 2511 11368
82 1926 7057
89 2320 8735
93 2574 10506
90 2422 7956
74 1643 3510
86 2214 8673
84 2091 7321
78 1815 4383
71 1502 2814
98 2847 14585
91 2506 9048
72 1542 3468
82 1940 7135
75 1654 3927
76 1727 3724
71 1496 2566
93 2516 13553
91 2359 13925
72 1539 3182
88 2290 8346
89 2320 9453
79 1857 4838
72 1568 3383
92 2526 10190
95 2651 13214
87 2216 8628
80 1917 5196
78 1826 4143
76 1708 3999
71 1467 3505
94 2614 11730
76 1732 3839
87 2259 7696
85 2140 6743
78 1814 4312
86 2158 8078
77 1754 4421
76 1718 4214
83 2020 6426
74 1619 3203
97 2782 12381
100 3006 14514
83 2026 7152
89 2357 8254
72 1506 3518
99 2940 13815
72 1507 3314
99 2897 15823
92 2505 10161
74 1611 3499
73 1568 3920
79 1854 4894
85 2210 6012
78 1787 4850
88 2281 8470
87 2312 6626
88 2298 8196
97 2851 12175
99 2958 14060
73 1523 4190
93 2521 11893
75 1630 3884
80 1972 4520
91 2451 10676
75 1661 3714
73 1630 2805
79 1876 4938
88 2280 8841
96 2757 12998
71 1500 2742
99 2873 15355
89 2334 9271
99 2902 16392
76 1671 4524
78 1768 4911
96 2681 13710
89 2355 8358
91 2457 9414
95 2686 11756
76 1695 3704
90 2413 8654
85 2156 7039
79 1875 4495
91 2408 11019
86 2214 7518
80 1915 5358
85 2174 6971
79 1882 4755
96 2719 13604
82 1956 6646
83 2009 7240
97 2836 13491
100 2936 17662
77 1746 5115
73 1542 3679
90 2401 10298
91 2425 10896
74 1653 4189
97 2815 14788
85 2130 7359
93 2583 11316
96 2662 14790
71 1499 3002
85 2193 6343
88 2303 8592
96 2720 12746
71 1482 3634
95 2679 12742
72 1537 3270
85 2133 7609
92 2545 10104
84 2086 7368
96 2753 12839
87 2256 8649
93 2547 11630
86 2221 6796
84 2102 6785
86 2199 7708
74 1630 3112
79 1824 4894
98 2852 13514
83 2017 6331
95 2687 12630
83 2048 5951
83 1994 6634
75 1645 4064
73 1596 3217
94 2627 10771
75 1710 3316
82 2016 5911
71 1448 3471
98 2765 12326
95 2629 10027
85 2130 6561
96 2678 10553
78 1810 4405
85 2116 7597
92 2477 8133
82 2028 5322
96 2716 9708
79 1824 4846
