74 2432 4272
99 4410 13844
96 4087 11737
90 3619 9632
84 3125 6987
88 3461 8492
96 4083 11915
88 3424 8478
100 4451 13917
91 3698 9723
74 2421 4454
90 3616 9378
85 3215 7528
97 4170 12166
98 4310 13244
80 2838 5817
71 2239 3900
91 3714 10273
91 3678 9881
87 3408 8557
71 2249 3781
94 3900 10571
71 2234 3722
91 3681 9416
71 2243 3946
76 2535 4702
96 4088 11848
93 3821 10211
87 3352 8046
91 3702 9818
94 3936 10947
83 3058 6660
80 2854 5742
85 3220 7501
92 3805 10219
72 2320 4053
72 2319 4018
89 3528 8874
74 2424 4417
95 4016 11658
93 3820 10284
83 3048 6795
77 2616 5005
88 3445 8485
88 3447 8774
77 2647 5186
84 3121 6997
96 4116 12300
89 3509 8686
85 3253 7141
100 4434 13617
93 3861 10531
86 3279 7674
82 2960 6364
95 4004 11254
74 2465 4510
89 3524 8930
100 4465 14102
79 2759 5545
85 3217 7405
96 4116 11982
81 2919 6388
72 2273 3897
76 2567 4893
82 2985 6399
79 2780 5647
92 3748 10035
97 4210 12683
90 3583 9442
87 3353 8202
84 3113 7019
73 2385 4566
96 4099 11631
95 4033 11531
71 2227 3857
98 4298 13060
85 3203 7281
81 2916 6267
78 2691 5124
99 4385 13464
72 2308 3870
81 2926 6960
99 4364 13631
75 2512 4541
94 3905 10734
83 3093 6928
94 3907 10604
91 3710 9909
94 3967 11757
75 2484 4721
82 2989 6482
98 4243 12545
74 2439 4617
86 3261 7583
79 2762 5637
75 2518 4908
98 4271 12926
81 2933 6161
93 3861 10665
84 3130 6964
79 2746 5668
77 2643 4635
75 2464 4551
90 3624 9394
77 2629 5111
86 3272 7697
76 2568 5033
90 3603 9172
75 2475 4652
100 4462 14209
78 2685 5374
77 2646 5142
86 3273 7700
72 2310 3966
85 3216 7246
79 2775 5587
100 4450 13875
99 4381 13501
96 4106 12051
75 2492 4566
94 3954 11025
100 4426 13558
97 4166 12353
78 2710 5713
84 3132 7471
98 4307 13226
73 2353 4153
83 3079 7058
76 2564 4965
89 3545 9102
83 3050 6667
90 3622 9282
73 2373 4367
80 2852 5883
99 4339 13044
92 3740 9903
78 2689 5549
92 3782 10226
97 4211 12594
79 2770 5596
99 4358 13398
71 2253 3690
100 4444 14228
94 3910 10772
71 2248 3827
92 3765 10150
83 3086 7027
86 3258 7863
82 2978 6429
82 2975 6622
88 3452 8598
93 3852 10624
75 2501 4668
75 2526 4840
73 2345 4268
79 2771 5212
93 3847 10250
92 3782 10498
72 2289 3912
72 2291 3933
72 2294 3935
89 3508 9118
76 2570 4988
82 2978 6700
74 2422 4392
85 3209 7568
88 3449 8775
96 4090 12262
93 3818 10473
97 4217 13158
93 3849 10466
80 2859 6087
89 3506 9036
96 4080 11694
83 3100 7377
99 4363 13421
73 2371 4382
79 2775 5855
99 4366 13730
76 2550 4886
84 3141 7083
85 3214 7468
76 2583 4929
87 3368 8193
77 2634 5274
93 3834 10393
89 3523 8795
89 3507 8806
80 2834 5990
95 4010 11385
78 2708 5261
83 3047 6719
73 2356 4006
84 3158 7194
77 2647 5230
72 2299 4114
95 4009 11164
83 3085 7295
90 3620 9611
92 3764 10219
90 3551 8972
76 2547 4780
86 3298 7930
91 3713 10183
80 2864 6125
94 3899 10957
85 3224 7615
93 3912 11203
79 2756 5802
100 4449 14357
78 2700 5711
87 3389 8199
95 3995 11001
71 2250 3772
72 2286 3986
88 3448 8568
71 2222 3684
97 4220 12528
91 3687 9513
94 3965 11108
73 2370 4083
92 3782 10352
100 4479 14265
91 3685 9673
95 4036 11670
92 3782 10207
87 3374 8508
78 2700 5273
71 2268 4107
87 3343 7987
97 4204 12452
98 4310 13123
74 2441 4568
98 4254 12805
74 2423 4596
82 2971 6562
88 3433 8483
87 3395 8487
75 2516 4666
78 2679 5424
87 3393 8570
99 4391 13626
85 3225 7322
78 2708 5424
84 3110 6893
98 4270 12758
81 2909 6223
81 2939 6341
83 3050 6717
100 4412 13743
80 2829 5754
84 3117 6935
99 4323 13281
87 3365 8404
79 2778 5890
86 3310 8222
86 3302 7990
80 2883 6204
98 4226 12668
75 2498 4611
77 2614 5229
95 3966 11281
86 3301 8184
90 3616 9593
86 3296 8034
96 4114 12275
95 3995 11416
76 2580 5064
76 2549 5039
82 2976 6522
95 4001 11335
81 2907 6394
81 2871 5896
90 3611 9177
74 2448 4411
98 4283 12997
80 2841 5794
89 3534 8862
91 3697 9886
74 2434 4299
97 4207 12480
89 3546 9050
77 2619 5311
88 3461 8698
73 2368 4208
84 3138 7192
97 4164 10746
78 2693 5516
81 2925 6273
94 3944 9948
73 2371 4252
81 2920 6258
82 2973 5911
97 4176 8411
88 3456 6487
92 3779 6625
73 2367 3724
82 2987 5109
80 2846 4533
77 2645 4041
