80 2211 4712
95 3127 10442
77 2056 4044
76 1945 4353
83 2366 5807
92 2967 9002
71 1763 3106
84 2413 6199
78 2110 4303
90 2805 8587
96 3219 10635
85 2518 6643
75 1933 3874
77 2058 4186
82 2292 5585
83 2369 6164
75 1910 3891
72 1773 3107
96 3193 10495
82 2311 5641
93 3012 9457
73 1830 3471
97 3224 11424
100 3469 12513
76 1988 4073
73 1854 3494
92 2892 8990
97 3270 10793
73 1783 3715
79 2147 4749
78 2091 4268
85 2505 6249
82 2357 5373
85 2510 6257
90 2788 8211
89 2720 8122
73 1845 3472
99 3390 12465
97 3250 11410
82 2306 5694
87 2601 6979
75 1930 3923
79 2159 5064
100 3461 13424
93 2973 9410
80 2203 5306
85 2510 6175
92 2941 9248
71 1718 3251
81 2267 5213
74 1852 3651
84 2406 6290
83 2359 6061
87 2623 6998
90 2786 8006
89 2761 7681
92 2935 8601
79 2133 5026
91 2893 8251
95 3138 10249
99 3378 12042
89 2719 7876
74 1903 3773
96 3161 10537
71 1770 3357
93 2986 9812
82 2288 5647
79 2160 4692
88 2625 8044
91 2818 8389
93 2980 9477
94 3028 10331
73 1817 3485
88 2677 7360
71 1759 3315
85 2482 6651
84 2447 6228
98 3312 11687
78 2114 4413
72 1808 3326
76 2001 3866
92 2942 8450
76 2010 4197
91 2867 8378
96 3187 10211
89 2748 7762
96 3217 11333
98 3327 11723
76 2017 4165
90 2819 7865
96 3168 10550
99 3414 12560
77 2014 4279
89 2765 7907
87 2578 7203
95 3097 10371
77 2026 4214
97 3235 11007
100 3444 12605
73 1857 3217
97 3296 10965
91 2792 9014
76 2012 3787
93 2966 9004
100 3530 12213
84 2461 6046
72 1787 3312
79 2172 4776
82 2353 5690
77 2049 4120
96 3197 10737
86 2568 6323
94 3099 10022
99 3461 11576
98 3311 11669
78 2132 4388
92 2892 8998
79 2137 4965
81 2287 5341
93 3004 9387
80 2193 5197
80 2170 4926
96 3204 10566
71 1764 3049
98 3303 11926
100 3450 12193
84 2453 5861
73 1851 3298
86 2576 6522
78 2096 4362
95 3122 10337
91 2836 8611
84 2414 6389
98 3313 12083
75 1930 3816
80 2183 5173
72 1803 3164
78 2141 4453
99 3376 11659
73 1838 3510
72 1773 3178
92 2897 9298
94 3086 9739
86 2553 6416
77 2085 4315
74 1907 3608
83 2358 5905
85 2458 6477
83 2404 5517
75 1926 3905
85 2500 6408
86 2532 6914
92 2890 9334
100 3523 12381
100 3428 13082
94 3073 9559
92 2916 8711
97 3229 11700
87 2598 7022
71 1734 3409
92 2951 8730
86 2539 6830
79 2194 4615
81 2234 5343
76 1983 4011
73 1819 3603
74 1888 3830
82 2313 5508
95 3133 10355
82 2336 5576
81 2265 5519
83 2350 5660
87 2622 7311
72 1808 3189
83 2315 6264
71 1745 3180
98 3350 11523
76 2024 3943
81 2261 5741
91 2883 8933
98 3292 11715
80 2235 4890
89 2703 7926
88 2679 7529
77 2070 4071
97 3235 11405
100 3433 12858
74 1900 3434
99 3391 12159
95 3157 10106
86 2553 6704
89 2757 7757
88 2672 8063
71 1731 2972
78 2072 4754
76 1987 4209
98 3294 12113
75 1919 3726
98 3324 12161
72 1833 3282
90 2793 8303
76 1942 3929
80 2192 5637
90 2801 8521
91 2814 9126
81 2277 5442
99 3403 12148
74 1883 3814
87 2636 7378
81 2315 5498
79 2155 5064
74 1927 3640
84 2438 5900
86 2550 6736
99 3417 12118
81 2288 5046
78 2122 4233
88 2634 7812
100 3511 12729
78 2101 4395
72 1781 3143
95 3146 10117
81 2283 5097
95 3121 10173
90 2819 7842
94 3011 10284
88 2665 7670
91 2850 8272
72 1807 3108
90 2803 8521
93 3078 9501
97 3288 11690
96 3227 10441
71 1738 3081
87 2614 7731
77 2055 4382
79 2155 4978
88 2707 7169
94 3094 10023
80 2224 5148
74 1838 3808
73 1883 3597
83 2370 5843
77 2095 4345
81 2281 5364
99 3394 12122
94 3068 10416
98 3327 12155
87 2591 7214
77 2009 4407
75 1949 3763
86 2545 6778
93 2973 9474
78 2105 4682
82 2322 5970
89 2743 8178
90 2766 8332
87 2630 7266
80 2202 5094
82 2309 5628
85 2507 6545
95 3105 10135
88 2656 7638
80 2226 4838
84 2447 6496
97 3262 10939
84 2420 6126
99 3414 12475
75 1936 3817
84 2431 6562
85 2525 6233
91 2852 8579
100 3438 12912
86 2551 7002
72 1805 3285
75 1906 3704
94 3001 10145
96 3201 11173
93 2939 9665
83 2401 6111
89 2753 7604
90 2798 8100
85 2493 6357
93 2991 9469
88 2726 7278
89 2708 7929
79 2140 5006
86 2524 7215
83 2398 5905
94 3059 7604
88 2697 6282
75 1937 3815
95 3105 6902
94 3029 6607
87 2610 5459
74 1893 3405
71 1716 3073
97 3197 6922
74 1906 2859
91 2909 4819
