81 1934 8120
86 2203 12179
90 2382 15567
74 1605 6259
97 2786 18020
73 1566 5299
84 2040 12118
92 2486 14950
73 1577 6648
73 1535 5394
81 1996 7444
92 2483 15475
99 2885 21985
75 1668 7528
80 1893 7490
77 1762 6006
71 1519 3935
78 1802 6449
82 1988 9090
93 2563 13594
90 2334 13640
81 1952 7741
76 1688 5959
86 2218 9417
74 1621 5534
78 1790 6534
76 1631 6314
94 2661 12997
85 2169 7966
81 1909 6947
90 2426 10838
78 1794 5890
88 2268 10830
97 2786 18079
87 2249 9132
90 2388 13097
79 1864 6212
86 2206 9624
77 1769 5266
97 2762 19913
73 1574 4802
83 2043 7683
93 2570 15915
95 2664 17658
83 2045 8970
87 2226 12882
72 1555 3866
99 2952 19552
89 2349 12629
79 1902 6091
88 2320 11861
80 1946 8945
98 2770 24258
94 2630 17522
92 2506 16200
80 1911 8013
92 2473 14799
72 1524 4776
77 1734 7575
81 1911 9013
98 2861 22148
86 2189 11330
74 1620 5396
82 1949 9847
80 1831 8447
77 1760 6630
93 2559 15238
91 2450 13336
95 2618 19953
90 2421 13410
95 2669 18596
100 2978 22921
83 2075 8176
98 2770 21471
100 2959 20771
94 2621 17076
100 2986 20366
94 2597 17055
87 2230 11643
81 2019 6592
72 1502 4893
91 2492 13417
100 2952 21189
72 1541 4277
88 2336 10329
75 1700 5494
93 2488 16789
81 1988 6047
82 1987 8553
80 1931 7324
79 1844 6632
98 2882 18326
96 2738 16965
99 2901 21436
75 1658 5074
75 1661 5356
98 2833 20536
78 1850 5859
87 2293 10038
84 2111 9003
82 1966 8480
88 2293 11839
93 2522 16598
76 1702 6382
88 2283 11410
73 1593 4627
89 2347 11073
94 2607 16286
84 2173 8148
87 2252 10867
80 1857 8447
89 2345 11948
81 1909 8222
77 1739 5540
82 2001 8486
71 1493 4131
98 2874 19553
99 2883 22576
100 2957 22432
97 2757 22240
97 2790 19050
84 2074 9573
90 2374 13474
90 2421 13512
94 2579 16576
84 2138 8749
100 2998 20984
89 2331 13404
89 2356 12725
95 2671 17645
96 2767 17392
87 2230 11373
86 2169 11143
71 1485 4139
100 2944 21061
77 1715 6867
76 1681 7110
98 2825 19702
92 2495 13948
84 2078 9348
83 2022 8731
74 1622 5561
77 1775 5681
80 1903 7196
94 2618 15240
74 1634 4785
84 2098 10474
94 2591 16025
100 2908 24993
99 2956 20008
95 2672 16764
77 1755 6111
91 2486 12114
75 1659 5957
81 1951 7514
91 2430 13139
97 2821 17370
81 1953 7148
92 2511 15640
82 1926 9090
89 2320 12069
93 2574 14801
90 2422 10635
74 1643 4781
86 2214 12681
84 2091 10146
78 1815 6065
71 1502 3884
98 2847 20025
91 2506 12768
72 1542 4775
82 1940 10820
75 1654 6042
76 1727 5843
71 1496 4073
93 2516 19174
91 2359 18484
72 1539 4882
88 2290 12043
89 2320 13350
79 1857 6831
72 1568 4548
92 2526 14083
95 2651 17974
87 2216 12178
80 1917 7228
78 1826 5873
76 1708 5705
71 1467 4872
94 2614 16077
76 1732 5391
87 2259 10693
85 2140 9448
78 1814 6131
86 2158 11539
77 1754 6443
76 1718 6028
83 2020 8940
74 1619 4840
97 2782 18086
100 3006 20209
83 2026 9975
89 2357 11639
72 1506 4997
99 2940 19933
72 1507 4689
99 2897 22218
92 2505 14305
74 1611 4773
73 1568 5579
79 1854 6985
85 2210 8317
78 1787 7016
88 2281 12194
87 2312 9266
88 2298 11868
97 2851 17667
99 2958 19836
73 1523 5769
93 2521 17315
75 1630 5485
80 1972 7341
91 2451 15330
75 1661 5892
73 1630 4191
79 1876 7273
88 2280 12809
96 2757 19138
71 1500 4519
99 2873 22222
89 2334 13403
99 2902 22997
76 1671 6445
78 1768 7287
96 2681 19078
89 2355 11650
91 2457 13006
95 2686 16675
76 1695 5357
90 2413 11930
85 2156 9757
79 1875 6501
91 2408 14649
86 2214 10556
80 1915 7416
85 2174 9438
79 1882 6513
96 2719 17627
82 1956 8840
83 2009 9232
97 2836 17411
100 2936 23700
77 1746 6183
73 1542 4936
90 2401 14043
91 2425 14245
74 1653 5872
97 2815 19551
85 2130 9940
93 2583 15996
96 2662 20169
71 1499 4525
85 2193 8954
88 2303 11645
96 2720 17024
71 1482 4597
95 2679 17281
72 1537 4595
85 2133 10359
92 2545 13468
84 2086 9572
96 2753 18072
87 2256 11625
93 2547 15796
86 2221 9564
84 2102 9109
86 2199 10677
74 1630 4443
79 1824 6894
98 2852 18507
83 2017 8773
95 2687 17053
83 2048 8387
83 1994 9364
75 1645 5717
73 1596 4510
94 2627 15280
75 1710 4748
82 2016 8114
71 1448 5229
98 2765 15685
95 2629 13192
85 2130 9362
96 2678 13798
78 1810 6204
85 2116 10439
92 2477 10841
82 2028 7229
96 2716 10979
79 1824 6636
