75 1375 10262
94 2152 42067
93 2131 41099
73 1297 9746
81 1622 16637
79 1596 13318
86 1839 24360
94 2161 47889
85 1837 20710
77 1424 16890
76 1377 15536
87 1843 31143
71 1256 6845
96 2226 52312
88 1960 24578
82 1672 17804
81 1671 17488
73 1303 9997
71 1194 11206
79 1522 20436
94 2200 43503
97 2356 46908
97 2319 50590
78 1504 16292
95 2240 51295
99 2410 57098
71 1229 9322
95 2289 37874
84 1794 19661
90 1985 32014
73 1353 8854
95 2215 54444
91 2063 36361
78 1450 18054
73 1308 11664
73 1352 8390
90 1976 35945
77 1476 11214
93 2181 43305
84 1729 22546
97 2309 51277
76 1411 12204
96 2319 40780
83 1710 22118
75 1356 11955
75 1398 10392
76 1428 11822
83 1707 19216
90 2029 32046
96 2242 55584
74 1306 13953
79 1574 14849
74 1318 15317
86 1847 28165
71 1228 10647
96 2285 52747
72 1277 10284
84 1826 16021
80 1575 16655
81 1628 18195
90 2023 33582
86 1857 28798
79 1501 22011
73 1332 10229
91 2011 44647
87 1825 37050
71 1218 11082
95 2226 49764
95 2309 40589
91 2046 35996
88 1950 27543
82 1674 19428
93 2119 41877
77 1472 15366
88 1929 31122
72 1278 9502
91 2060 35307
94 2171 47590
99 2433 57511
73 1293 9900
99 2479 54120
89 1991 27957
76 1401 12550
71 1237 8876
82 1687 17620
78 1471 16206
91 2066 35539
83 1670 24111
94 2186 43967
89 2009 29288
92 2107 35773
80 1601 14724
85 1809 22021
88 1927 31270
78 1522 14911
78 1532 13467
93 2109 45664
86 1854 22908
96 2293 50414
83 1684 20611
83 1688 22556
94 2178 46664
83 1654 25298
92 2070 40379
99 2453 57704
71 1242 10963
90 2009 32530
76 1393 13233
75 1395 11826
97 2343 51586
86 1783 30137
80 1605 16521
98 2362 57976
87 1887 28338
84 1760 23134
90 1973 46291
72 1254 10979
93 2105 50946
91 2029 35873
92 2118 36808
76 1415 13820
72 1254 9993
79 1550 14358
79 1585 12750
87 1882 27106
72 1261 10819
78 1471 16922
83 1687 22015
75 1399 10421
86 1844 23393
83 1624 29241
80 1595 19664
90 1988 34080
90 1965 40139
88 1902 27297
84 1762 20291
97 2332 48498
81 1616 17600
98 2425 52945
76 1442 12608
90 1981 35121
76 1434 11240
94 2207 41567
83 1695 22688
93 2164 38122
88 1894 32351
95 2212 50117
88 1891 34144
98 2366 54841
77 1493 11497
84 1753 18851
74 1330 11539
95 2292 34682
74 1403 7811
73 1309 9190
82 1691 21731
92 2031 42968
92 2065 41541
80 1562 17433
92 2044 39760
86 1839 22382
94 2248 39845
75 1370 11526
98 2377 48902
81 1629 20263
72 1328 6965
99 2470 48255
72 1251 10714
81 1607 16838
85 1759 27665
82 1711 12954
92 2061 39062
78 1523 13025
72 1275 8767
77 1491 11003
87 1959 17981
77 1455 14925
93 2175 34115
88 1891 32390
96 2246 52567
89 1945 33333
91 2096 32759
81 1597 24983
77 1474 14003
88 1867 34109
81 1664 17462
75 1425 11603
89 1985 28667
96 2266 53196
79 1579 13114
97 2362 49327
96 2294 50420
85 1737 29216
98 2388 50212
95 2242 54496
92 2147 35567
74 1378 10789
84 1734 27047
89 1971 28662
71 1222 8588
85 1723 30388
91 2050 32786
74 1296 12433
93 2098 44712
91 2049 39049
76 1397 12222
87 1860 27407
83 1695 19369
89 1941 34810
90 1969 34136
94 2203 38348
79 1518 18002
85 1772 27719
95 2209 45066
74 1373 9565
93 2132 39351
71 1249 8606
78 1535 14602
81 1641 14950
78 1470 16745
92 2127 32137
85 1782 24350
84 1725 21376
80 1603 13085
85 1727 25272
96 2239 57367
81 1623 17379
72 1309 9396
87 1914 23715
87 1826 30179
87 1837 30921
86 1814 30354
73 1270 13524
84 1765 21083
77 1471 13761
86 1858 22463
97 2337 48685
82 1701 15906
73 1339 9828
91 2031 38937
82 1621 21105
97 2323 56104
95 2226 48236
82 1643 21622
84 1779 22314
85 1796 22790
89 1963 33811
74 1322 11446
85 1833 22605
71 1238 7594
77 1513 13169
94 2219 38617
76 1442 13285
98 2394 50686
99 2505 50927
100 2514 53161
79 1552 14410
80 1607 14068
98 2364 52677
82 1640 22540
93 2157 39658
72 1313 7807
82 1641 23279
74 1354 11552
75 1396 11890
89 2004 29460
80 1599 13967
99 2406 56095
77 1437 13400
89 2002 25699
79 1493 19129
92 2146 35523
100 2520 46689
99 2426 48596
75 1399 12247
80 1563 17764
89 1989 30586
100 2555 39712
100 2465 45975
88 1909 29228
87 1865 29171
80 1563 15436
97 2324 39622
98 2338 38854
78 1498 14868
75 1362 12768
86 1841 17723
74 1374 9075
