76 1149 32267
81 1317 43981
81 1284 50353
72 1012 24703
75 1122 30091
74 1101 26365
74 1014 38190
73 1035 27249
73 1033 29509
74 1083 25120
74 1120 25271
71 1038 15829
71 1022 17955
73 1074 20860
81 1309 50367
78 1238 39668
81 1311 47198
73 1058 25465
72 1040 19265
72 1041 25177
75 1095 29783
77 1183 29135
76 1127 38963
78 1232 35774
78 1208 34257
71 976 22264
71 957 26352
84 1429 52473
71 1015 17393
80 1263 47511
78 1185 42225
83 1390 43291
75 1143 23549
84 1427 57381
76 1095 37492
73 1052 25615
82 1327 56193
71 934 36097
76 1194 26176
77 1171 39455
77 1184 37922
71 967 29663
79 1239 54401
73 1032 44833
76 1144 42972
75 1117 49127
77 1179 53890
80 1317 54773
76 1126 57734
74 1107 27602
79 1235 57121
74 1096 38639
72 1003 36909
75 1106 39386
78 1187 59638
73 1055 28487
72 1035 40370
78 1198 49418
75 1123 49991
75 1112 40213
71 1049 19235
73 1070 34964
77 1184 39771
71 969 35484
76 1132 44255
74 1068 43026
80 1265 59869
77 1183 47209
77 1159 55948
79 1229 56885
72 988 37800
72 972 43794
73 1047 36005
74 1110 33307
72 1052 29063
77 1168 47977
78 1254 47915
80 1261 54481
74 1094 36699
73 1031 53963
76 1155 39481
82 1364 51510
82 1374 53268
77 1151 58194
74 1095 42730
72 954 44463
76 1163 43701
78 1232 50969
71 1009 25441
76 1147 43799
75 1084 42699
85 1437 56146
72 1024 28080
80 1329 37354
80 1254 45792
