88 3039 7352
99 3886 11714
72 2036 3196
100 4009 12673
99 3920 11945
72 2056 3373
90 3189 8016
76 2246 4166
95 3589 10263
73 2087 3552
79 2487 4965
82 2685 5657
88 3075 7563
96 3660 10381
85 2792 6346
85 2848 6416
74 2134 3884
98 3822 11385
86 2915 6942
92 3318 8782
72 1999 3420
85 2863 6615
83 2714 5912
98 3780 11373
84 2793 6311
91 3289 8537
84 2761 6114
92 3338 8970
90 3161 7974
82 2632 5837
90 3201 8178
94 3500 9781
96 3688 10878
83 2726 6048
78 2416 4715
95 3606 10286
89 3139 7781
78 2396 4794
97 3719 11085
80 2533 5276
75 2218 4267
92 3369 9123
100 3960 12837
83 2725 6343
99 3867 11977
79 2469 5008
81 2625 5590
90 3190 8728
90 3215 8596
81 2615 6207
97 3706 11048
84 2795 6965
86 2904 7359
79 2475 5069
93 3419 9169
90 3202 8208
77 2311 4535
77 2342 4586
82 2627 5629
96 3655 10664
81 2569 5325
87 3015 7136
74 2168 4005
75 2209 4040
94 3466 9589
75 2259 4107
89 3097 7841
93 3425 9428
72 2082 3557
99 3826 11291
72 2066 3478
85 2863 6576
98 3840 11586
93 3408 9213
93 3469 9439
93 3426 9306
100 3946 12191
87 2997 7346
92 3355 8848
99 3911 12191
77 2311 4394
84 2731 6101
71 1997 3287
100 3929 12104
85 2877 6910
88 3014 7668
96 3639 10719
81 2617 5843
92 3378 9173
90 3196 8182
93 3439 9395
94 3511 9587
77 2363 4591
72 2070 3570
100 3913 12317
92 3356 8862
71 1965 3156
78 2421 4599
79 2427 4702
97 3718 11235
87 2982 7104
93 3442 9427
78 2419 4650
73 2085 3517
97 3696 10766
73 2113 3784
80 2550 5465
94 3490 9722
80 2537 5465
81 2618 5615
80 2504 5172
91 3327 8945
92 3363 9135
96 3615 10394
81 2567 5491
83 2758 6215
95 3573 10608
88 3028 7233
91 3257 8549
75 2229 4127
91 3311 8519
99 3866 11759
79 2481 4972
99 3897 11985
82 2658 5719
79 2450 4836
86 2924 6888
94 3496 9683
76 2298 4550
72 2056 3523
86 2902 6925
77 2351 4713
89 3118 7831
78 2401 4875
96 3599 10594
87 2986 7246
87 2994 7029
90 3227 8294
73 2097 3767
79 2483 4940
82 2664 5806
74 2159 3889
89 3156 7598
71 1967 3277
74 2154 3896
79 2451 4994
97 3721 11689
86 2931 6875
98 3813 11440
98 3815 11301
98 3787 10947
96 3652 10592
73 2118 3793
82 2645 5833
77 2292 4410
75 2217 3939
88 3029 7344
100 4006 12364
78 2387 4530
92 3356 8981
89 3131 7557
74 2190 3906
80 2514 5033
71 2006 3334
92 3351 8942
77 2322 4520
74 2168 3702
75 2221 3930
83 2696 5782
95 3576 9946
75 2210 4155
76 2278 4260
100 3973 12644
98 3861 11776
78 2433 4772
74 2194 3906
97 3738 11087
81 2559 5301
89 3153 7923
77 2363 4537
85 2841 6521
80 2532 5272
87 3003 7292
81 2595 5419
84 2738 6153
79 2470 5333
74 2146 3936
83 2702 6039
93 3423 9495
86 2903 6958
84 2777 6141
77 2335 4431
71 1980 3322
95 3542 9758
82 2622 5456
84 2797 6262
88 3040 7514
85 2848 6678
76 2345 4430
82 2667 5820
73 2112 3840
93 3407 9455
88 3072 7601
100 3947 12166
85 2838 6479
94 3524 10064
79 2491 5125
87 3020 7411
95 3538 10146
73 2108 3787
75 2224 4038
98 3839 11647
76 2283 4476
91 3270 8342
76 2261 4180
98 3742 11006
74 2147 4036
73 2096 3807
91 3276 8386
90 3194 8167
91 3273 8391
83 2737 6032
98 3803 11367
71 1977 3237
89 3121 7451
74 2142 3788
90 3212 8408
89 3118 7914
93 3392 9273
100 3948 11731
71 1984 3211
96 3646 10186
97 3712 10629
71 1997 3355
83 2765 5978
76 2294 4416
95 3571 9499
86 2927 6637
88 3071 7142
80 2534 5061
76 2294 4090
76 2277 3944
92 3370 8166
73 2113 3245
72 2023 3045
85 2847 5866
81 2593 5026
88 3023 6543
83 2695 5413
97 3767 10210
86 2962 6410
78 2378 4289
91 3260 7672
78 2421 4219
73 2112 3400
87 2936 6326
95 3587 9059
99 3875 10759
76 2268 3905
82 2649 5281
94 3486 8733
89 3114 7255
86 2948 6441
88 3089 6833
97 3759 9836
75 2183 3551
89 3138 6982
80 2526 4606
81 2590 4706
96 3657 9360
95 3571 9361
99 3918 10799
94 3481 8938
75 2211 3564
82 2646 5072
91 3245 7644
84 2801 5670
96 3656 9651
72 2033 3079
94 3492 8752
77 2349 4115
99 3836 10270
84 2782 5761
91 3252 7720
85 2822 6260
84 2799 5958
71 2012 3094
83 2675 5311
80 2487 4756
78 2372 4136
80 2504 4260
100 3965 7464
95 3530 6141
72 2031 2967
86 2942 4576
94 3493 5067
97 3701 5301
71 1965 2332
87 3040 4128
87 2976 3908
