91 1668 4152
95 1739 4539
76 1149 1846
94 1766 3466
81 1250 2592
97 1923 5272
81 1317 2317
81 1284 1005
93 1663 4143
85 1444 2533
86 1503 2471
100 1934 5729
72 1012 1035
98 1876 5183
90 1660 3169
75 1122 1811
74 1101 1461
95 1810 3080
74 1014 1282
73 1035 1319
97 1850 4750
73 1033 1554
96 1810 4644
94 1723 4327
88 1494 3407
74 1083 1247
88 1598 2481
99 1981 5162
74 1120 1339
71 1038 1475
92 1656 3847
99 1958 4604
71 1022 1278
73 1074 1181
81 1309 1822
100 1983 5568
96 1835 5657
95 1744 5143
78 1238 2180
90 1568 3614
99 1865 5707
81 1311 1922
96 1781 5112
83 1351 2692
87 1508 3566
89 1629 3782
100 1983 5685
98 1852 5381
93 1666 4345
73 1058 1269
72 1040 1300
72 1041 1121
88 1515 3397
97 1884 4623
94 1794 4795
75 1095 1459
80 1253 2203
77 1183 1679
86 1486 2496
76 1127 1544
91 1646 3651
99 1943 4923
78 1232 1548
90 1620 3498
99 1953 5908
78 1208 1687
88 1578 2735
93 1686 4200
71 976 1426
96 1773 5247
71 957 1082
89 1534 3384
100 1986 4524
87 1495 3026
89 1606 3410
98 1894 4821
84 1429 2497
95 1755 4755
95 1821 3566
71 1015 1537
91 1648 4271
87 1497 2585
80 1263 1635
97 1831 3538
91 1667 4100
78 1185 1219
83 1390 1876
82 1297 2205
89 1556 2461
94 1792 4086
89 1489 2935
75 1143 1647
99 1944 4250
84 1427 1943
87 1505 2854
91 1684 3854
84 1336 1970
92 1693 3638
76 1095 1527
95 1818 3870
73 1052 1703
82 1327 2335
90 1576 3840
71 934 1181
76 1194 1578
88 1538 1976
77 1171 1372
79 1218 1606
88 1556 4117
77 1184 1445
85 1460 2110
100 2031 5218
93 1701 2518
83 1355 1895
92 1651 3602
87 1503 3214
82 1311 2734
98 1899 5572
71 967 1521
79 1239 2758
79 1201 1913
83 1313 2687
92 1619 4071
73 1032 1371
76 1144 1463
96 1823 3722
83 1367 1821
85 1391 2691
96 1820 5144
84 1387 2339
83 1355 2726
75 1117 1892
77 1179 1632
91 1698 3536
100 1965 5848
100 1956 6367
78 1190 2029
87 1507 2714
85 1416 2182
96 1847 5456
80 1254 1841
75 1078 1485
97 1813 5351
92 1698 4507
97 1826 4923
92 1734 4135
80 1317 2302
96 1833 4931
76 1126 1313
79 1238 1871
74 1107 1268
79 1235 1766
85 1475 2182
74 1096 943
85 1406 1858
81 1316 2326
95 1809 5428
80 1246 2582
93 1717 3164
85 1421 3177
89 1653 2620
98 1836 4618
72 1003 1290
91 1644 4081
83 1369 3136
86 1470 3243
88 1529 3264
86 1434 3097
75 1106 1652
78 1187 2064
88 1573 2835
73 1055 1298
72 1035 1197
78 1198 1625
95 1772 3585
94 1731 5511
99 1947 4349
75 1123 1447
93 1646 4081
98 1869 5135
92 1621 3243
75 1112 1278
93 1715 3994
79 1234 1785
71 1049 1410
75 1042 1705
86 1491 2648
73 1070 1281
77 1184 1796
84 1405 2355
95 1787 4257
71 969 1140
89 1502 2767
87 1472 2803
81 1263 1803
76 1132 1262
93 1715 4571
74 1068 1303
80 1265 2481
90 1602 3608
82 1356 2612
99 1971 4954
91 1609 4270
87 1484 3754
88 1575 3063
77 1183 1172
98 1849 5422
94 1702 4643
77 1159 1720
79 1229 2131
72 988 1393
97 1864 4759
86 1409 2899
97 1874 5319
91 1608 3765
78 1198 1701
72 972 1549
73 1047 1116
74 1110 1387
81 1244 2598
91 1613 4277
93 1719 3763
77 1138 1633
94 1766 4839
88 1545 2398
79 1189 1843
94 1773 4935
84 1454 1116
72 1052 1212
96 1785 4508
90 1593 3394
86 1467 2804
81 1310 2785
77 1168 1746
92 1649 3694
80 1264 2345
78 1254 1975
90 1572 3020
80 1261 2590
89 1564 3296
82 1300 2314
100 1992 5816
74 1094 1391
79 1205 2163
85 1466 2174
82 1338 1302
83 1366 2310
94 1797 5055
73 1031 1045
100 2022 5731
82 1323 1925
86 1510 4030
100 2054 5973
83 1348 2073
85 1438 3962
87 1518 3790
76 1155 2067
87 1532 2780
82 1364 2769
86 1462 2915
82 1374 2365
86 1509 2915
79 1220 1720
77 1151 1244
90 1682 2942
90 1570 3795
93 1718 3008
74 1095 793
92 1701 3311
97 1894 5375
84 1369 2733
99 1979 5075
72 954 1125
95 1698 3659
76 1163 1087
78 1232 2029
84 1404 3614
83 1343 2530
97 1889 4487
90 1577 3345
98 1957 5566
94 1701 4063
89 1622 3950
81 1286 2432
71 1009 1376
76 1147 2126
99 1947 5585
84 1402 2730
75 1084 1508
92 1734 4061
84 1384 2996
98 1930 4176
82 1291 1958
98 1906 3818
85 1437 3106
72 1024 1274
80 1329 1490
89 1572 2282
80 1254 1961
96 1842 2165
