81 1934 780
86 2203 932
90 2382 1170
74 1605 844
97 2786 1505
73 1566 484
84 2040 934
92 2486 1373
73 1577 758
73 1535 770
81 1996 899
92 2483 1330
99 2885 1447
75 1668 772
80 1893 711
77 1762 420
71 1519 673
78 1802 369
82 1988 774
93 2563 1056
90 2334 1524
81 1952 790
76 1688 646
86 2218 843
74 1621 497
78 1790 678
76 1631 897
94 2661 1254
85 2169 949
81 1909 953
90 2426 929
78 1794 868
88 2268 911
97 2786 1443
87 2249 793
90 2388 1245
79 1864 891
86 2206 823
77 1769 851
97 2762 1074
73 1574 556
83 2043 638
93 2570 849
95 2664 918
83 2045 630
87 2226 940
72 1555 656
99 2952 1395
89 2349 892
79 1902 770
88 2320 1097
80 1946 771
98 2770 1519
94 2630 1272
92 2506 1167
80 1911 1005
92 2473 1084
72 1524 769
77 1734 626
81 1911 647
98 2861 1676
86 2189 690
74 1620 579
82 1949 567
80 1831 617
77 1760 730
93 2559 1286
91 2450 2384
95 2618 1644
90 2421 1138
95 2669 2064
100 2978 1661
83 2075 796
98 2770 1789
100 2959 2179
94 2621 1843
100 2986 2043
94 2597 1415
87 2230 1555
81 2019 1100
72 1502 834
91 2492 1273
100 2952 1492
72 1541 405
88 2336 728
75 1700 455
93 2488 790
81 1988 805
82 1987 874
80 1931 591
79 1844 829
98 2882 1768
96 2738 1633
99 2901 2302
75 1658 565
75 1661 633
98 2833 1453
78 1850 721
87 2293 1026
84 2111 1071
82 1966 809
88 2293 1069
93 2522 1169
76 1702 778
88 2283 1162
73 1593 516
89 2347 1011
94 2607 946
84 2173 843
87 2252 615
80 1857 812
89 2345 903
81 1909 571
77 1739 727
82 2001 863
71 1493 580
98 2874 1600
99 2883 1212
100 2957 2384
97 2757 1396
97 2790 1285
84 2074 1142
90 2374 1593
90 2421 1287
94 2579 1030
84 2138 844
100 2998 2522
89 2331 994
89 2356 1118
95 2671 1856
96 2767 1437
87 2230 1026
86 2169 696
71 1485 690
100 2944 1765
77 1715 777
76 1681 706
98 2825 1216
92 2495 1172
84 2078 968
83 2022 1067
74 1622 526
77 1775 679
80 1903 961
94 2618 1004
74 1634 645
84 2098 957
94 2591 1142
100 2908 2052
99 2956 1690
95 2672 1747
77 1755 847
91 2486 1255
75 1659 590
81 1951 1048
91 2430 1513
97 2821 1938
81 1953 896
92 2511 1501
82 1926 1057
89 2320 1144
93 2574 1215
90 2422 1114
74 1643 290
86 2214 959
84 2091 626
78 1815 773
71 1502 681
98 2847 1316
91 2506 785
72 1542 682
82 1940 685
75 1654 641
76 1727 450
71 1496 449
93 2516 908
91 2359 908
72 1539 658
88 2290 1028
89 2320 697
79 1857 967
72 1568 694
92 2526 819
95 2651 1082
87 2216 800
80 1917 613
78 1826 690
76 1708 719
71 1467 569
94 2614 1102
76 1732 709
87 2259 662
85 2140 878
78 1814 442
86 2158 1024
77 1754 730
76 1718 663
83 2020 966
74 1619 621
97 2782 1044
100 3006 991
83 2026 683
89 2357 708
72 1506 679
99 2940 1399
72 1507 632
99 2897 1672
92 2505 697
74 1611 721
73 1568 502
79 1854 666
85 2210 716
78 1787 715
88 2281 971
87 2312 1090
88 2298 681
97 2851 1416
99 2958 1516
73 1523 633
93 2521 795
75 1630 670
80 1972 826
91 2451 1372
75 1661 807
73 1630 561
79 1876 762
88 2280 1053
96 2757 1500
71 1500 553
99 2873 2182
89 2334 1016
99 2902 1921
76 1671 855
78 1768 794
96 2681 1673
89 2355 1401
91 2457 1535
95 2686 1666
76 1695 926
90 2413 1189
85 2156 1141
79 1875 950
91 2408 1283
86 2214 986
80 1915 885
85 2174 933
79 1882 620
96 2719 1944
82 1956 761
83 2009 744
97 2836 1507
100 2936 1725
77 1746 371
73 1542 711
90 2401 870
91 2425 1146
74 1653 672
97 2815 1449
85 2130 1279
93 2583 1416
96 2662 1746
71 1499 694
85 2193 948
88 2303 941
96 2720 1286
71 1482 625
95 2679 1400
72 1537 579
85 2133 1055
92 2545 1307
84 2086 918
96 2753 1508
87 2256 852
93 2547 1008
86 2221 1171
84 2102 863
86 2199 950
74 1630 620
79 1824 914
98 2852 1215
83 2017 686
95 2687 947
83 2048 1114
83 1994 1101
75 1645 551
73 1596 670
94 2627 1218
75 1710 774
82 2016 831
71 1448 753
98 2765 1295
95 2629 1339
85 2130 755
96 2678 921
78 1810 475
85 2116 656
92 2477 776
82 2028 576
96 2716 823
79 1824 506
