80 2211 1009
95 3127 1239
77 2056 1025
76 1945 907
83 2366 1005
92 2967 1112
71 1763 909
84 2413 1134
78 2110 865
90 2805 1202
96 3219 1270
85 2518 1008
75 1933 1004
77 2058 738
82 2292 830
83 2369 947
75 1910 601
72 1773 498
96 3193 1357
82 2311 963
93 3012 1512
73 1830 832
97 3224 1643
100 3469 1672
76 1988 1036
73 1854 919
92 2892 1402
97 3270 1118
73 1783 653
79 2147 820
78 2091 725
85 2505 785
82 2357 591
85 2510 778
90 2788 872
89 2720 1022
73 1845 500
99 3390 1069
97 3250 996
82 2306 572
87 2601 875
75 1930 973
79 2159 876
100 3461 1511
93 2973 1366
80 2203 1046
85 2510 930
92 2941 1160
71 1718 674
81 2267 608
74 1852 693
84 2406 781
83 2359 771
87 2623 768
90 2786 752
89 2761 846
92 2935 1039
79 2133 773
91 2893 1305
95 3138 1382
99 3378 1634
89 2719 1076
74 1903 919
96 3161 940
71 1770 575
93 2986 1176
82 2288 923
79 2160 752
88 2625 876
91 2818 805
93 2980 999
94 3028 1095
73 1817 700
88 2677 1078
71 1759 644
85 2482 844
84 2447 985
98 3312 1163
78 2114 656
72 1808 827
76 2001 876
92 2942 780
76 2010 557
91 2867 922
96 3187 1305
89 2748 1174
96 3217 886
98 3327 1394
76 2017 919
90 2819 844
96 3168 1250
99 3414 1656
77 2014 739
89 2765 729
87 2578 940
95 3097 1140
77 2026 641
97 3235 1118
100 3444 1446
73 1857 532
97 3296 1066
91 2792 1005
76 2012 954
93 2966 1264
100 3530 1515
84 2461 945
72 1787 843
79 2172 835
82 2353 631
77 2049 652
96 3197 1262
86 2568 767
94 3099 1274
99 3461 1545
98 3311 1279
78 2132 827
92 2892 1173
79 2137 934
81 2287 794
93 3004 1269
80 2193 1062
80 2170 939
96 3204 944
71 1764 564
98 3303 748
100 3450 1142
84 2453 979
73 1851 546
86 2576 1057
78 2096 1085
95 3122 1311
91 2836 1095
84 2414 664
98 3313 991
75 1930 859
80 2183 1051
72 1803 637
78 2141 684
99 3376 803
73 1838 539
72 1773 440
92 2897 1055
94 3086 1173
86 2553 921
77 2085 624
74 1907 493
83 2358 849
85 2458 1047
83 2404 560
75 1926 813
85 2500 1019
86 2532 834
92 2890 1149
100 3523 1262
100 3428 1234
94 3073 1267
92 2916 798
97 3229 1116
87 2598 1003
71 1734 769
92 2951 1013
86 2539 975
79 2194 809
81 2234 1016
76 1983 809
73 1819 594
74 1888 524
82 2313 790
95 3133 1150
82 2336 541
81 2265 891
83 2350 781
87 2622 973
72 1808 606
83 2315 902
71 1745 830
98 3350 1254
76 2024 826
81 2261 872
91 2883 744
98 3292 824
80 2235 523
89 2703 598
88 2679 729
77 2070 736
97 3235 1183
100 3433 1405
74 1900 610
99 3391 1173
95 3157 1437
86 2553 861
89 2757 1260
88 2672 1015
71 1731 810
78 2072 947
76 1987 747
98 3294 1331
75 1919 485
98 3324 1351
72 1833 613
90 2793 859
76 1942 805
80 2192 879
90 2801 820
91 2814 1263
81 2277 1010
99 3403 1481
74 1883 758
87 2636 666
81 2315 603
79 2155 888
74 1927 650
84 2438 716
86 2550 907
99 3417 1091
81 2288 961
78 2122 645
88 2634 992
100 3511 1401
78 2101 646
72 1781 847
95 3146 832
81 2283 815
95 3121 1032
90 2819 804
94 3011 931
88 2665 934
91 2850 975
72 1807 449
90 2803 986
93 3078 1027
97 3288 1244
96 3227 1311
71 1738 575
87 2614 1056
77 2055 678
79 2155 751
88 2707 725
94 3094 1061
80 2224 928
74 1838 639
73 1883 718
83 2370 828
77 2095 837
81 2281 785
99 3394 1246
94 3068 1076
98 3327 1155
87 2591 1057
77 2009 622
75 1949 689
86 2545 887
93 2973 938
78 2105 578
82 2322 1101
89 2743 1044
90 2766 1159
87 2630 567
80 2202 904
82 2309 837
85 2507 894
95 3105 1326
88 2656 920
80 2226 877
84 2447 988
97 3262 1317
84 2420 713
99 3414 977
75 1936 694
84 2431 739
85 2525 840
91 2852 791
100 3438 1383
86 2551 630
72 1805 568
75 1906 475
94 3001 949
96 3201 907
93 2939 832
83 2401 653
89 2753 1376
90 2798 955
85 2493 838
93 2991 1146
88 2726 1170
89 2708 769
79 2140 928
86 2524 853
83 2398 1026
94 3059 1058
88 2697 765
75 1937 653
95 3105 919
94 3029 1002
87 2610 669
74 1893 498
71 1716 399
97 3197 600
74 1906 299
91 2909 368
