74 2432 151
99 4410 937
96 4087 1007
90 3619 712
84 3125 515
88 3461 386
96 4083 979
88 3424 831
100 4451 1243
91 3698 731
74 2421 455
90 3616 938
85 3215 681
97 4170 1422
98 4310 544
80 2838 461
71 2239 342
91 3714 662
91 3678 804
87 3408 469
71 2249 298
94 3900 769
71 2234 451
91 3681 630
71 2243 223
76 2535 490
96 4088 865
93 3821 628
87 3352 891
91 3702 620
94 3936 915
83 3058 595
80 2854 652
85 3220 757
92 3805 669
72 2320 319
72 2319 346
89 3528 419
74 2424 244
95 4016 865
93 3820 1211
83 3048 395
77 2616 241
88 3445 968
88 3447 839
77 2647 366
84 3121 759
96 4116 991
89 3509 719
85 3253 464
100 4434 1105
93 3861 894
86 3279 810
82 2960 649
95 4004 971
74 2465 321
89 3524 887
100 4465 892
79 2759 583
85 3217 512
96 4116 901
81 2919 468
72 2273 504
76 2567 251
82 2985 458
79 2780 346
92 3748 810
97 4210 766
90 3583 798
87 3353 580
84 3113 809
73 2385 575
96 4099 1065
95 4033 1093
71 2227 453
98 4298 1022
85 3203 682
81 2916 526
78 2691 432
99 4385 956
72 2308 340
81 2926 302
99 4364 778
75 2512 441
94 3905 979
83 3093 711
94 3907 1060
91 3710 957
94 3967 1012
75 2484 556
82 2989 682
98 4243 1206
74 2439 435
86 3261 750
79 2762 439
75 2518 283
98 4271 754
81 2933 366
93 3861 548
84 3130 533
79 2746 497
77 2643 488
75 2464 413
90 3624 533
77 2629 388
86 3272 433
76 2568 517
90 3603 704
75 2475 492
100 4462 1143
78 2685 378
77 2646 476
86 3273 773
72 2310 219
85 3216 677
79 2775 386
100 4450 955
99 4381 1508
96 4106 917
75 2492 579
94 3954 635
100 4426 1003
97 4166 1135
78 2710 524
84 3132 515
98 4307 1008
73 2353 502
83 3079 571
76 2564 334
89 3545 432
83 3050 670
90 3622 776
73 2373 398
80 2852 293
99 4339 2461
92 3740 1069
78 2689 317
92 3782 1087
97 4211 1253
79 2770 846
99 4358 1160
71 2253 176
100 4444 1505
94 3910 1392
71 2248 289
92 3765 1050
83 3086 686
86 3258 871
82 2978 531
82 2975 738
88 3452 471
93 3852 693
75 2501 276
75 2526 439
73 2345 278
79 2771 483
93 3847 622
92 3782 897
72 2289 458
72 2291 311
72 2294 238
89 3508 897
76 2570 345
82 2978 496
74 2422 401
85 3209 414
88 3449 1037
96 4090 1337
93 3818 1251
97 4217 1113
93 3849 789
80 2859 425
89 3506 871
96 4080 1112
83 3100 633
99 4363 979
73 2371 474
79 2775 565
99 4366 922
76 2550 599
84 3141 531
85 3214 372
76 2583 373
87 3368 784
77 2634 453
93 3834 884
89 3523 482
89 3507 689
80 2834 498
95 4010 950
78 2708 551
83 3047 791
73 2356 282
84 3158 547
77 2647 526
72 2299 290
95 4009 1429
83 3085 398
90 3620 670
92 3764 867
90 3551 917
76 2547 569
86 3298 592
91 3713 771
80 2864 628
94 3899 858
85 3224 695
93 3912 903
79 2756 521
100 4449 843
78 2700 477
87 3389 630
95 3995 786
71 2250 237
72 2286 313
88 3448 671
71 2222 476
97 4220 900
91 3687 1014
94 3965 973
73 2370 507
92 3782 1025
100 4479 1239
91 3685 664
95 4036 816
92 3782 844
87 3374 407
78 2700 413
71 2268 207
87 3343 605
97 4204 826
98 4310 1455
74 2441 709
98 4254 992
74 2423 498
82 2971 666
88 3433 1112
87 3395 616
75 2516 447
78 2679 661
87 3393 454
99 4391 1047
85 3225 578
78 2708 560
84 3110 875
98 4270 1100
81 2909 711
81 2939 650
83 3050 755
100 4412 1802
80 2829 707
84 3117 811
99 4323 1319
87 3365 608
79 2778 644
86 3310 669
86 3302 952
80 2883 528
98 4226 1220
75 2498 629
77 2614 586
95 3966 1089
86 3301 492
90 3616 879
86 3296 601
96 4114 1190
95 3995 955
76 2580 343
76 2549 572
82 2976 676
95 4001 1116
81 2907 482
81 2871 632
90 3611 834
74 2448 378
98 4283 1014
80 2841 596
89 3534 897
91 3697 1262
74 2434 379
97 4207 1297
89 3546 1142
77 2619 696
88 3461 838
73 2368 456
84 3138 525
97 4164 1007
78 2693 540
81 2925 722
94 3944 673
73 2371 479
81 2920 519
82 2973 513
97 4176 760
88 3456 592
92 3779 569
73 2367 366
82 2987 498
80 2846 357
77 2645 369
