88 3039 1210
99 3886 1849
72 2036 794
100 4009 1745
99 3920 1809
72 2056 1035
90 3189 1678
76 2246 911
95 3589 1473
73 2087 739
79 2487 1195
82 2685 1020
88 3075 1467
96 3660 1647
85 2792 915
85 2848 1130
74 2134 742
98 3822 1238
86 2915 906
92 3318 1426
72 1999 535
85 2863 1084
83 2714 842
98 3780 1638
84 2793 1091
91 3289 1140
84 2761 1272
92 3338 1066
90 3161 1244
82 2632 1068
90 3201 1184
94 3500 1423
96 3688 1646
83 2726 1163
78 2416 896
95 3606 1380
89 3139 1312
78 2396 948
97 3719 1189
80 2533 780
75 2218 908
92 3369 996
100 3960 1536
83 2725 1004
99 3867 1655
79 2469 725
81 2625 1164
90 3190 1199
90 3215 1301
81 2615 1194
97 3706 1364
84 2795 1270
86 2904 1248
79 2475 947
93 3419 1147
90 3202 736
77 2311 622
77 2342 880
82 2627 654
96 3655 1706
81 2569 887
87 3015 1274
74 2168 846
75 2209 1319
94 3466 1538
75 2259 1099
89 3097 1406
93 3425 1146
72 2082 944
99 3826 1386
72 2066 1065
85 2863 1121
98 3840 1279
93 3408 1525
93 3469 1701
93 3426 1627
100 3946 1730
87 2997 1301
92 3355 1277
99 3911 1924
77 2311 1259
84 2731 1412
71 1997 787
100 3929 2401
85 2877 919
88 3014 987
96 3639 1531
81 2617 1023
92 3378 1293
90 3196 1372
93 3439 1400
94 3511 1364
77 2363 1016
72 2070 894
100 3913 1481
92 3356 1214
71 1965 589
78 2421 844
79 2427 625
97 3718 1758
87 2982 1041
93 3442 1403
78 2419 516
73 2085 805
97 3696 1606
73 2113 656
80 2550 1071
94 3490 1166
80 2537 1131
81 2618 1028
80 2504 927
91 3327 1103
92 3363 1078
96 3615 1160
81 2567 918
83 2758 1124
95 3573 1464
88 3028 1389
91 3257 1508
75 2229 770
91 3311 1339
99 3866 1681
79 2481 1236
99 3897 1843
82 2658 1235
79 2450 1048
86 2924 903
94 3496 1064
76 2298 792
72 2056 842
86 2902 1458
77 2351 603
89 3118 787
78 2401 936
96 3599 1742
87 2986 1058
87 2994 1075
90 3227 1270
73 2097 1097
79 2483 994
82 2664 799
74 2159 789
89 3156 1217
71 1967 802
74 2154 868
79 2451 620
97 3721 1581
86 2931 867
98 3813 1702
98 3815 1901
98 3787 1454
96 3652 1453
73 2118 911
82 2645 800
77 2292 787
75 2217 1256
88 3029 1501
100 4006 1671
78 2387 1078
92 3356 1417
89 3131 871
74 2190 679
80 2514 768
71 2006 500
92 3351 871
77 2322 819
74 2168 740
75 2221 533
83 2696 1243
95 3576 1122
75 2210 834
76 2278 670
100 3973 1486
98 3861 1437
78 2433 1299
74 2194 987
97 3738 1569
81 2559 1215
89 3153 1388
77 2363 952
85 2841 995
80 2532 1142
87 3003 924
81 2595 945
84 2738 796
79 2470 816
74 2146 719
83 2702 867
93 3423 1102
86 2903 934
84 2777 1200
77 2335 845
71 1980 748
95 3542 1488
82 2622 824
84 2797 991
88 3040 800
85 2848 998
76 2345 981
82 2667 962
73 2112 681
93 3407 1033
88 3072 1055
100 3947 1610
85 2838 1292
94 3524 1422
79 2491 826
87 3020 1211
95 3538 1333
73 2108 983
75 2224 1079
98 3839 1353
76 2283 951
91 3270 1024
76 2261 889
98 3742 820
74 2147 759
73 2096 487
91 3276 1038
90 3194 1223
91 3273 1062
83 2737 1202
98 3803 1752
71 1977 661
89 3121 1340
74 2142 942
90 3212 1284
89 3118 1188
93 3392 1077
100 3948 1184
71 1984 804
96 3646 1608
97 3712 1339
71 1997 392
83 2765 1088
76 2294 942
95 3571 1538
86 2927 1298
88 3071 1361
80 2534 1024
76 2294 944
76 2277 776
92 3370 996
73 2113 784
72 2023 679
85 2847 964
81 2593 550
88 3023 1430
83 2695 864
97 3767 1254
86 2962 1262
78 2378 683
91 3260 1399
78 2421 1065
73 2112 1061
87 2936 1235
95 3587 1629
99 3875 1466
76 2268 955
82 2649 664
94 3486 930
89 3114 1233
86 2948 1155
88 3089 1181
97 3759 1847
75 2183 1133
89 3138 1244
80 2526 1404
81 2590 1014
96 3657 1468
95 3571 2020
99 3918 1492
94 3481 1393
75 2211 952
82 2646 790
91 3245 1111
84 2801 869
96 3656 952
72 2033 618
94 3492 1013
77 2349 517
99 3836 1165
84 2782 1120
91 3252 1278
85 2822 978
84 2799 1123
71 2012 990
83 2675 1171
80 2487 959
78 2372 1074
80 2504 1123
100 3965 1423
95 3530 856
72 2031 621
86 2942 772
94 3493 747
97 3701 747
71 1965 502
87 3040 645
87 2976 636
