75 1375 1113
94 2152 2566
93 2131 3045
73 1297 946
81 1622 1395
79 1596 1577
86 1839 2833
94 2161 3284
85 1837 1478
77 1424 938
76 1377 1074
87 1843 1239
71 1256 824
96 2226 2731
88 1960 2332
82 1672 1178
81 1671 1251
73 1303 1304
71 1194 845
79 1522 974
94 2200 2309
97 2356 3899
97 2319 3050
78 1504 1421
95 2240 1714
99 2410 4173
71 1229 798
95 2289 3078
84 1794 1718
90 1985 2587
73 1353 1195
95 2215 3442
91 2063 2027
78 1450 1275
73 1308 1252
73 1352 1053
90 1976 1564
77 1476 1051
93 2181 2070
84 1729 1089
97 2309 2842
76 1411 1336
96 2319 2371
83 1710 877
75 1356 977
75 1398 595
76 1428 1232
83 1707 1382
90 2029 1561
96 2242 1732
74 1306 860
79 1574 1089
74 1318 1296
86 1847 1635
99 2396 3845
71 1228 809
96 2285 2151
72 1277 909
100 2503 2607
84 1826 1867
80 1575 834
81 1628 1616
90 2023 2569
86 1857 1964
79 1501 926
73 1332 734
91 2011 2399
97 2261 3634
87 1825 1850
71 1218 1193
95 2226 2679
95 2309 2156
91 2046 1413
88 1950 1364
82 1674 1235
93 2119 2282
77 1472 1230
88 1929 1969
72 1278 1232
91 2060 2482
94 2171 2743
99 2433 4165
73 1293 815
99 2479 3274
89 1991 1879
76 1401 1185
71 1237 970
82 1687 1758
78 1471 1749
91 2066 2258
83 1670 1457
94 2186 2823
100 2475 3839
89 2009 2604
92 2107 2147
80 1601 1721
85 1809 2027
88 1927 1837
78 1522 942
78 1532 1200
93 2109 2117
86 1854 1697
96 2293 2285
83 1684 1291
83 1688 1465
94 2178 2556
83 1654 1928
92 2070 2431
99 2453 3161
71 1242 731
90 2009 2934
76 1393 1043
75 1395 1147
97 2343 3174
86 1783 2052
80 1605 1708
98 2362 3410
87 1887 1764
84 1760 1942
90 1973 2364
72 1254 748
93 2105 3128
91 2029 2449
100 2468 3157
92 2118 1921
76 1415 1335
72 1254 835
79 1550 1506
98 2361 3083
79 1585 1168
87 1882 1387
72 1261 815
78 1471 978
83 1687 1040
75 1399 781
86 1844 1967
83 1624 1454
80 1595 862
90 1988 2141
90 1965 1509
100 2473 4329
88 1902 2752
84 1762 916
97 2332 3864
81 1616 1102
98 2425 2763
76 1442 567
90 1981 2070
76 1434 1219
94 2207 3572
83 1695 1881
93 2164 3127
88 1894 2848
95 2212 3409
88 1891 2544
98 2366 3310
77 1493 1340
84 1753 1340
74 1330 1089
95 2292 2466
74 1403 1094
73 1309 644
82 1691 990
92 2031 1686
92 2065 2588
80 1562 1107
92 2044 2852
86 1839 2191
94 2248 3444
75 1370 1313
98 2377 3494
81 1629 1262
72 1328 735
99 2470 3466
100 2415 3773
72 1251 744
81 1607 1208
85 1759 1764
82 1711 1041
92 2061 2595
78 1523 1337
72 1275 1049
77 1491 922
87 1959 1747
77 1455 1052
93 2175 2424
88 1891 2143
96 2246 3307
89 1945 1966
91 2096 2231
81 1597 1329
77 1474 1326
88 1867 1762
81 1664 1344
75 1425 916
89 1985 2389
96 2266 3210
100 2423 3098
79 1579 1163
97 2362 4217
96 2294 3210
85 1737 1492
98 2388 3993
95 2242 3233
92 2147 2877
74 1378 771
84 1734 2114
89 1971 1738
71 1222 817
85 1723 2272
91 2050 1509
74 1296 986
93 2098 2665
91 2049 2207
76 1397 1188
87 1860 2145
83 1695 1488
89 1941 2154
90 1969 1498
94 2203 2418
79 1518 1222
85 1772 1321
95 2209 1874
74 1373 1018
93 2132 2268
71 1249 974
78 1535 819
81 1641 761
78 1470 1132
92 2127 2190
85 1782 1495
84 1725 1480
80 1603 1120
85 1727 2134
96 2239 4319
81 1623 1946
72 1309 1188
87 1914 1737
87 1826 2340
87 1837 1598
86 1814 2072
73 1270 1251
84 1765 1469
77 1471 1532
86 1858 1459
97 2337 2710
96 2223 4029
82 1701 1613
73 1339 1253
91 2031 2445
82 1621 1932
97 2323 2758
95 2226 3288
99 2337 4661
82 1643 1727
84 1779 1407
85 1796 1340
89 1963 2197
74 1322 1363
98 2354 3933
85 1833 1704
71 1238 795
77 1513 1063
94 2219 2910
76 1442 761
98 2394 3351
99 2505 3565
100 2514 3559
79 1552 1331
80 1607 1063
98 2364 3695
82 1640 1502
93 2157 3028
72 1313 820
82 1641 1688
74 1354 882
75 1396 1116
89 2004 1571
80 1599 1274
99 2406 2826
77 1437 1160
89 2002 2146
79 1493 871
92 2146 1543
100 2520 3126
99 2426 3553
75 1399 943
80 1563 753
89 1989 1698
100 2555 3136
100 2465 3466
88 1909 1994
87 1865 2679
80 1563 1359
97 2324 3065
98 2338 2309
78 1498 1020
75 1362 1151
86 1841 1857
74 1374 1093
