36 239 481
14 39 3
31 172 162
37 267 371
11 23 2
69 973 15553
84 1414 59750
10 20 2
29 162 137
61 761 8011
21 87 18
30 170 157
72 1028 32436
32 216 215
45 396 1421
44 359 1484
10 26 2
36 221 726
71 1031 25954
12 29 3
53 528 5993
78 1254 38985
11 23 2
43 382 1060
45 401 1214
56 647 3157
53 569 3008
62 734 12216
46 400 2010
27 147 75
27 139 105
65 823 15186
43 338 1203
51 494 2827
35 228 382
69 951 19412
18 63 14
17 47 12
47 441 1763
73 1061 30297
45 405 1586
64 805 11393
38 266 703
44 379 1472
66 869 19439
69 963 19404
30 187 100
40 325 622
77 1180 43858
71 967 29070
50 482 2451
57 648 5209
52 524 3868
59 692 7615
43 343 1114
14 39 4
44 399 1222
38 269 592
58 685 6426
