38 420 193
52 809 778
38 411 196
124 4599 54298
99 2903 18838
96 2771 13542
120 4296 45780
46 602 491
36 368 168
88 2299 9312
45 604 463
11 33 1
117 4015 42980
65 1237 2504
78 1758 5816
115 3972 33003
85 2152 8198
77 1773 4891
108 3433 28676
113 3849 31921
95 2731 12433
30 261 86
99 2914 16378
47 660 481
85 2078 10036
14 52 7
71 1477 3485
100 2948 18385
69 1412 3070
43 526 374
80 1888 5929
125 4667 51149
57 963 1143
45 590 494
97 2844 13766
12 40 2
73 1543 3744
35 358 162
99 2849 20913
89 2324 10070
44 588 402
97 2835 14591
27 209 66
82 2017 5721
113 3803 36195
112 3734 32512
104 3251 21978
37 391 166
127 4833 55034
69 1431 2721
117 4039 41880
10 28 2
44 574 366
122 4427 46199
100 3025 15569
100 2960 16866
126 4711 59262
82 1986 7284
121 4391 42387
90 2419 10557
77 1738 5286
66 1263 2360
90 2413 10547
119 4253 40424
53 838 883
51 791 755
120 4276 46787
17 77 9
111 3663 30562
21 130 21
94 2625 12365
27 212 50
90 2365 10595
117 4085 36401
112 3759 29488
45 566 472
100 2930 19076
91 2436 10302
118 4156 40409
112 3722 30755
120 4298 46646
53 833 842
43 533 345
89 2323 9352
109 3510 29532
56 901 1314
93 2557 11929
44 572 473
14 62 7
36 364 183
81 1919 6659
112 3757 28966
30 263 84
61 1114 1508
89 2389 9844
71 1491 4010
50 777 685
105 3259 22740
118 4146 46379
31 273 97
62 1151 1731
85 2209 8127
59 1014 1572
72 1530 3835
115 3929 35773
29 244 74
101 3022 18936
32 307 94
84 2098 7006
89 2367 9189
43 525 341
89 2390 9404
58 971 1355
18 94 16
95 2715 12977
135 5421 55312
122 4503 37216
10 23 2
91 2428 10288
98 2806 17337
69 1440 2780
103 3153 19531
103 3178 19243
102 3088 18573
105 3244 20917
40 478 224
11 32 2
99 2909 13998
64 1206 2018
