38 420 236
52 809 833
38 411 218
124 4599 52964
99 2903 17552
96 2771 13034
120 4296 42941
124 4538 56561
46 602 483
36 368 206
88 2299 9042
45 604 451
11 33 0
117 4015 41549
65 1237 2550
78 1758 5700
128 4853 59646
115 3972 31637
85 2152 8178
77 1773 4903
108 3433 27642
113 3849 31035
95 2731 11902
30 261 113
99 2914 15485
47 660 536
85 2078 9342
14 52 2
71 1477 3587
100 2948 18473
69 1412 3136
43 526 430
80 1888 5988
125 4667 50482
57 963 1233
45 590 572
97 2844 13723
12 40 2
73 1543 3882
35 358 188
99 2849 20240
89 2324 9886
44 588 446
97 2835 14064
27 209 65
82 2017 5574
113 3803 36841
112 3734 33609
104 3251 21597
37 391 219
127 4833 56499
69 1431 2951
117 4039 43591
10 28 0
44 574 480
122 4427 46946
100 3025 15820
100 2960 17062
126 4711 59721
82 1986 7403
121 4391 43920
90 2419 10271
77 1738 5525
66 1263 2569
90 2413 10902
119 4253 42076
53 838 959
51 791 868
120 4276 48870
17 77 15
111 3663 31635
21 130 42
94 2625 13237
27 212 76
90 2365 11312
117 4085 39540
112 3759 32862
45 566 505
100 2930 22135
91 2436 11841
118 4156 41469
112 3722 31861
120 4298 45975
53 833 1023
43 533 428
89 2323 10287
109 3510 29143
56 901 1349
93 2557 12079
44 572 476
14 62 6
36 364 259
81 1919 6860
112 3757 28732
30 263 100
61 1114 1684
89 2389 9803
71 1491 3517
50 777 647
105 3259 23594
118 4146 48253
31 273 129
62 1151 1927
85 2209 7870
59 1014 1632
72 1530 4364
115 3929 38049
29 244 92
101 3022 19733
32 307 122
84 2098 7829
89 2367 10068
43 525 371
89 2390 10252
58 971 1547
18 94 22
95 2715 14602
135 5421 59116
122 4503 41001
10 23 0
91 2428 11890
98 2806 18387
69 1440 3240
103 3153 21003
103 3178 20365
102 3088 20413
105 3244 22600
40 478 278
11 32 3
99 2909 14851
64 1206 2365
