112 1889 10028
163 3969 36562
150 3341 33886
56 465 222
12 15 2
129 2513 18724
168 4181 48413
14 22 16
89 1182 4868
31 118 16
66 620 482
148 3306 30192
62 578 883
53 410 459
100 1480 9560
64 567 980
141 2942 22445
44 286 139
135 2744 12906
32 149 21
148 3289 18455
117 1987 6156
72 753 617
149 3349 18569
53 421 152
117 2032 5730
61 595 268
133 2643 9382
10 11 2
117 2049 3788
138 2798 14120
69 726 569
91 1211 2322
158 3794 42343
112 1866 6148
120 2107 6801
137 2779 16442
127 2404 14684
85 1000 2292
119 2147 9289
164 3998 45667
109 1778 5663
45 298 221
44 275 227
122 2192 11173
147 3210 27635
47 324 132
37 196 64
99 1450 5555
120 2154 8067
111 1874 5594
77 827 1482
84 1042 1861
9 15 2
38 227 77
45 294 74
44 284 120
96 1330 3455
85 1046 1882
124 2301 11715
38 195 122
126 2364 8458
115 1950 6843
125 2232 7999
135 2697 17013
99 1466 4057
17 46 3
102 1546 3743
40 220 114
30 133 43
29 115 47
18 44 2
69 731 519
51 397 149
118 2146 4944
115 1985 7052
27 104 5
43 271 95
98 1440 2854
145 3107 24817
11 18 3
94 1332 3684
82 1011 1225
43 277 101
27 97 3
85 1034 2054
105 1612 4831
50 365 100
46 317 111
166 4115 58287
89 1109 3008
91 1203 3213
95 1329 3564
141 2858 17775
77 867 1449
103 1534 3910
166 4115 52660
90 1230 3637
161 3807 45350
118 2077 9093
82 1040 1786
99 1457 4791
103 1542 3699
78 910 996
100 1454 4719
113 1837 7484
45 279 87
93 1277 4115
35 187 60
100 1464 5863
112 1867 6873
88 1123 2591
133 2638 17417
14 25 2
69 736 954
101 1492 4429
57 471 340
108 1713 5055
142 3035 14798
142 3000 16882
124 2302 6132
90 1163 2424
128 2449 12270
36 199 44
36 181 42
52 392 245
71 776 793
146 3146 26890
97 1392 3799
21 65 4
120 2084 8631
100 1463 4676
105 1629 3850
43 288 104
112 1907 5147
58 491 406
95 1334 3885
168 4376 58864
89 1150 2668
170 4310 58582
141 2920 22264
65 602 704
141 2868 25028
80 948 1498
122 2179 11838
73 821 1408
148 3197 28219
89 1171 2258
59 505 461
97 1376 3764
71 779 783
30 130 23
10 17 4
166 4204 33534
180 4821 54546
193 5579 59361
147 3204 16477
99 1459 2355
121 2207 8413
190 5413 48796
184 5088 46904
139 2894 14779
89 1182 2924
104 1625 3507
90 1148 2539
113 1891 4580
81 935 1343
