38 420 233
52 809 605
173 8944 19468
38 411 220
124 4599 6107
184 10113 24702
161 7776 13847
99 2903 3691
174 8901 19237
149 6641 14040
96 2771 2424
173 8956 19016
120 4296 4479
141 5920 9154
124 4538 6390
46 602 497
197 11603 26215
191 10763 23974
36 368 266
135 5293 11371
88 2299 2932
45 604 690
147 6490 12244
11 33 53
117 4015 5400
176 9212 18858
65 1237 1202
78 1758 1925
177 9357 20002
193 11143 21855
128 4853 5884
115 3972 3945
85 2152 1879
194 11135 24688
77 1773 1476
108 3433 2622
113 3849 3883
95 2731 2364
30 261 112
99 2914 3722
47 660 470
184 9977 18842
85 2078 2134
14 52 2
163 7919 14280
71 1477 1006
147 6343 10829
100 2948 3240
69 1412 899
43 526 395
158 7413 14114
80 1888 929
125 4667 4505
57 963 670
45 590 372
97 2844 2633
191 10904 22256
12 40 20
148 6523 11156
181 9890 21012
73 1543 1113
35 358 204
99 2849 2651
145 6222 8198
89 2324 2085
44 588 418
97 2835 2235
27 209 68
82 2017 1446
191 10922 25644
113 3803 3725
112 3734 2771
142 6012 9418
104 3251 3004
37 391 270
127 4833 5830
180 9680 18752
141 5942 8444
69 1431 855
117 4039 5469
133 5244 7902
141 5880 10060
10 28 3
44 574 339
148 6560 13205
122 4427 6511
164 8067 16276
100 3025 3464
150 6738 11424
100 2960 3864
126 4711 6443
176 9140 19904
82 1986 1382
121 4391 5358
90 2419 1795
77 1738 1172
66 1263 933
172 8794 20855
90 2413 2425
189 10668 22797
146 6379 12489
168 8448 13537
166 8162 14831
119 4253 4839
138 5663 11397
53 838 723
51 791 707
120 4276 6658
139 5863 10329
189 10642 24514
17 77 13
111 3663 3730
197 11546 27395
173 8978 18129
21 130 4
197 11445 26893
148 6605 12179
94 2625 2822
183 10004 21179
198 11730 23959
178 9418 24198
27 212 22
90 2365 2408
166 8190 14502
117 4085 5757
187 10422 22142
112 3759 4730
168 8351 14679
187 10377 19384
45 566 717
100 2930 3193
91 2436 2887
192 11087 24018
118 4156 4051
112 3722 3028
120 4298 3633
53 833 579
43 533 365
188 10652 17211
89 2323 1486
109 3510 2662
198 11778 28734
142 6021 6514
56 901 623
93 2557 2041
44 572 386
14 62 5
36 364 169
81 1919 1298
112 3757 2933
30 263 51
137 5558 9565
190 10723 24720
61 1114 795
89 2389 1848
71 1491 1155
50 777 582
186 10352 24627
105 3259 2418
118 4146 3554
166 8109 16543
31 273 63
62 1151 931
85 2209 1511
59 1014 612
129 4907 9096
133 5209 9041
176 9324 17350
72 1530 1694
115 3929 5435
29 244 79
141 5937 8482
101 3022 3335
176 9255 17765
32 307 213
84 2098 2144
89 2367 2148
43 525 694
89 2390 2178
58 971 1046
18 94 28
95 2715 1949
179 9514 13117
135 5421 8836
122 4503 6363
10 23 2
171 8688 10747
91 2428 2224
98 2806 2573
69 1440 1258
103 3153 2774
103 3178 3863
102 3088 2912
105 3244 2454
40 478 515
11 32 3
99 2909 2234
182 9914 6057
64 1206 599
170 8545 5395
