148 5383 12085
149 5564 12597
17 71 4
121 3611 4855
119 3528 9457
177 7734 23720
11 32 2
66 1069 407
69 1173 503
80 1621 904
166 6768 20587
124 3823 6330
21 114 4
187 8688 26868
64 1023 647
65 1033 647
117 3339 7894
150 5608 13525
161 6403 18595
142 5038 12284
127 4053 7675
40 387 228
103 2627 4578
89 1974 3316
122 3730 6361
71 1227 986
163 6635 15682
31 241 69
145 5238 9090
135 4532 7318
112 3049 4905
117 3358 5309
89 1916 2935
85 1825 2173
120 3615 5824
166 6798 16455
93 2159 2046
173 7547 21160
100 2468 3979
176 7711 24963
158 6218 11699
36 307 124
182 8093 25326
45 511 332
174 7521 19828
112 3135 5094
120 3577 6209
141 4937 10670
43 469 323
128 3995 7987
111 3015 6244
27 174 62
45 489 295
53 716 641
173 7423 20125
105 2719 3038
85 1798 2139
126 3951 6792
172 7450 17182
120 3580 5232
73 1357 902
197 9600 32240
100 2512 4045
168 7083 18806
10 20 2
77 1444 1548
170 7220 18462
82 1716 1822
191 8953 31961
14 45 3
84 1731 2072
122 3606 5443
95 2238 3564
115 3269 5010
50 588 431
137 4727 9027
191 9154 31793
14 43 2
78 1500 1382
181 8108 27683
147 5364 11352
62 906 681
99 2462 3386
36 318 155
91 2040 3184
184 8410 26377
124 3795 7448
176 7702 24813
45 490 303
71 1233 1020
189 8864 24610
178 7965 20356
53 649 450
30 198 24
113 3160 4706
135 4544 9203
118 3449 6408
118 3465 5972
188 8758 29824
94 2193 3129
58 859 815
99 2436 3372
91 2038 2240
193 9272 32623
88 1935 1764
112 3076 3592
147 5376 11921
32 251 102
171 7358 21280
146 5266 11376
189 8818 29470
148 5518 11125
72 1282 1112
112 3045 4018
69 1211 783
166 6779 20692
51 625 424
56 805 664
59 825 582
138 4732 10117
89 1958 1935
43 474 280
104 2659 2964
52 646 446
43 464 246
101 2521 3512
115 3270 5642
125 3924 6682
168 6953 23558
85 1805 1696
190 9056 28517
180 8075 24611
184 8444 31044
90 1961 4027
96 2256 3427
179 7972 26403
69 1194 817
194 9288 33984
90 1960 4105
97 2341 4662
89 1950 3568
89 1939 3429
44 469 419
37 344 160
77 1510 1190
176 7791 29711
142 5026 12303
117 3378 6218
164 6684 18553
47 523 410
133 4313 10293
44 457 293
133 4339 9658
35 293 183
100 2489 5794
141 4981 11074
97 2346 4598
173 7412 22725
27 173 83
198 9753 33254
198 9693 38455
108 2936 4721
44 470 309
12 33 3
10 27 3
61 928 1044
197 9743 33503
30 226 69
103 2581 3078
100 2553 4717
191 9085 31863
141 4885 14494
99 2429 5052
81 1635 2206
98 2413 4260
38 349 121
29 197 99
129 4179 10344
141 4985 12654
102 2483 3799
192 9068 28074
148 5451 12774
99 2453 5249
46 519 445
109 2996 4734
197 9512 22351
183 8363 19831
11 27 2
139 4750 10042
95 2220 3121
186 8547 18001
187 8697 17468
176 7638 15372
38 352 208
90 2016 2643
57 819 704
82 1640 2154
105 2726 4399
113 3169 5135
18 73 33
